[0, [7621, 8281, 6668, 8603, 2056, 8296, 6100, 5688, 773, 8545, 321]]
[1, [7658, 8312, 5084, 122, 2398, 790, 9873, 8601, 1082, 7531, 2517, 1515, 2643, 3894, 4020]]
[2, [5341, 1522, 8620, 8227, 5505, 9432, 8090, 3783, 1920, 4452, 8556, 4549, 5139, 4584, 3795, 7034, 2698, 6324, 1784, 3326]]
[3, [4625, 5714, 2852, 1651, 3782, 9228, 9872, 9123, 6661, 8209, 1412, 220, 6204, 9050, 838, 3012, 5715, 2240]]
[4, [7178, 7932, 5055, 7391, 8393, 3621, 5618, 1182, 6735, 3612, 6348, 8957, 780, 2409, 4985, 9834, 7652, 9007, 7296, 8994]]
[5, [3153, 7177, 4241, 2377, 4893, 9829, 8590, 2152, 7538, 2811, 3504, 3334, 5220, 5244, 76, 6327, 2898, 8994, 2962, 5412, 5715]]
[6, [658, 654, 1864, 3159, 4133, 5200, 2945, 1103, 7210, 2501, 563, 9950, 2704, 5520, 883, 8753, 3728, 2666, 6482]]
[7, [6137, 3395, 6875, 4694, 6007, 3066, 3296, 8189, 3824, 3279, 4020, 8774, 4956, 1375, 1299]]
[8, [8130, 9964, 522, 6195, 4745, 193, 5671, 5696, 7518, 8163, 4371, 3941, 3199, 7949, 3830]]
[9, [9845, 7621, 3766, 8633, 2919, 8376, 5713, 3089, 726, 4948, 3207, 1348, 7967, 5581, 8531, 7096, 3006, 949, 4418, 2121, 3012]]
[10, [5580, 7832, 3145, 4450, 6059, 3951, 3455, 1077, 7201, 9342, 1874, 8223, 5088, 3533, 3543, 6613]]
[11, [5983, 8498, 6534, 4964, 4020, 9517, 6326, 552, 6827, 6148, 7873, 3084, 7342, 5156, 495, 514, 7920, 5526, 9301, 9374, 9007, 9533]]
[12, [5432, 1228, 9415, 8622, 5028, 762, 9695, 6561, 9460, 8224, 5494, 4647, 3751, 8690, 1117, 1121, 4326, 8491, 79, 6613, 321, 5715]]
[13, [7935, 2809, 5239, 6253, 4673, 2876, 1468, 6556, 6560, 5064, 1340, 1181, 9968, 9199, 2240]]
[14, [2242, 8712, 8275, 5147, 5636, 6299, 1980, 3571, 3678, 7353, 3036, 1223, 2685, 7902, 444, 6547, 8406, 4035]]
[15, [5098, 4733, 1432, 2588, 8759, 7389, 671, 4687, 3647, 2848, 7126, 9453, 7709, 3830, 5962, 79]]
[16, [2614, 7080, 312, 4360, 7863, 812, 8362, 4640, 132, 1893, 9040, 6538, 6938, 7652, 5962]]
[17, [6315, 6959, 3695, 4512, 4005, 3581, 1968, 5116, 3074, 1387, 6374, 6790, 7240, 5322, 6672, 2288]]
[18, [5753, 4509, 4452, 9848, 5386, 3418, 4129, 7517, 1208, 2909, 4455, 3751, 4197, 9699, 8649, 5504, 2]]
[19, [6879, 587, 3576, 3572, 1438, 9767, 3015, 2649, 2747, 535, 7101, 2052, 4501, 2240]]
[20, [4628, 7964, 1732, 204, 3889, 9803, 6092, 6162, 8048, 1167, 258, 4376, 3753, 6744, 2437, 5748, 6258, 7296]]
[21, [3105, 2933, 9545, 7244, 7348, 9034, 8770, 9953, 3067, 4811, 1831, 9410, 5756, 6861, 267, 8054, 3043, 6464, 4311, 9842, 2, 321]]
[22, [7205, 4480, 5361, 261, 7341, 418, 9639, 8491, 8386, 8194, 8018, 5742, 707, 7153, 3376, 6101, 3877, 7949, 5715]]
[23, [2976, 3050, 2026, 1099, 1639, 9639, 949, 321, 4794, 8551, 191, 1299, 9834, 412, 9623, 6465, 2569, 8994, 1534, 5962, 2240, 427]]
[24, [2632, 4991, 922, 8239, 4737, 9299, 6121, 5225, 3356, 2217, 7260, 9979, 2013, 8644, 2240, 5715]]
[25, [6717, 5091, 34, 5939, 5533, 8852, 2774, 7895, 4083, 4, 8240, 2072, 7057, 9075, 5962, 2986, 1668, 7438, 6613]]
[26, [1817, 5690, 9281, 8343, 9408, 3398, 5268, 5436, 6016, 7253, 852, 8061, 1140, 8248, 8282, 8134, 3077, 8462, 7652, 3074, 2962, 79]]
[27, [5541, 2737, 9897, 2326, 7415, 1438, 729, 9660, 3833, 1906, 5122, 4230, 3103, 405, 1555, 838, 925, 4967, 7949, 2986, 4855, 2288, 6938, 5715]]
[28, [870, 6568, 5831, 1400, 9519, 3899, 4724, 7075, 326, 3242, 7481, 5340, 6030, 7153]]
[29, [404, 6966, 5382, 5229, 6368, 5161, 54, 3754, 884, 9465, 2926, 6458, 8344, 8134, 9007, 2666]]
[30, [6616, 9400, 6904, 7028, 9849, 8169, 7514, 9656, 2293, 2122, 2280, 3699, 3758, 9848, 8343, 4901, 321, 3894, 8062]]
[31, [3229, 4721, 3388, 928, 502, 444, 6071, 168, 8017, 956, 4377, 1030, 8912, 5819, 4739, 1292, 7811, 6196, 6538]]
[32, [4440, 5258, 6159, 1181, 5443, 2060, 759, 7041, 2433, 6369, 5018, 4765, 116, 6173, 4209, 5826, 8934, 2542, 6772, 4680, 3521, 917, 3673, 9968, 5962, 2]]
[33, [980, 1034, 8716, 4423, 5814, 2315, 5810, 4372, 9511, 2859, 6758, 2571, 6028, 6872, 9848, 9604, 8891, 3032, 6404, 1668, 7949]]
[34, [3085, 3937, 391, 1232, 3837, 1903, 9604, 5749, 9602, 1952, 9040, 7502, 2662, 7033, 3665, 208, 3012, 3894, 7413]]
[35, [7060, 8244, 8786, 6410, 6088, 8966, 1870, 7741, 54, 6082, 8848, 7653, 4786, 3537, 3507, 8663, 3753, 3012, 9244, 5748, 5715, 2962]]
[36, [7193, 9041, 5099, 3300, 5, 6978, 7688, 547, 603, 9000, 7915, 1979, 9918, 1961, 8782, 8667, 3004, 3877]]
[37, [9493, 6430, 9834, 8530, 804, 387, 4498, 9945, 7893, 2056, 9478, 2411, 4141, 6528, 427, 2288, 2962]]
[38, [9095, 7129, 3667, 1398, 4672, 7880, 4165, 5726, 6201, 2016, 6840, 4901, 523, 3377, 2962, 7949, 979, 3877]]
[39, [5545, 9311, 6796, 8836, 3990, 5384, 4480, 1491, 3893, 7250, 9107, 665, 8470, 5172, 1524, 2643, 935, 2240]]
[40, [1034, 1216, 7182, 5514, 9061, 6807, 5359, 9440, 4017, 2788, 5009, 8362, 6382, 1385, 7949, 8910, 79]]
[41, [8643, 3384, 9252, 1259, 9326, 9348, 4959, 6089, 6662, 2141, 8851, 9240, 1682, 8406, 3728]]
[42, [1182, 1274, 2115, 4881, 2498, 4943, 7011, 8182, 7437, 7055, 4965, 4507, 3830, 6101, 5775, 7732]]
[43, [5233, 434, 6681, 3247, 3094, 4226, 1005, 3486, 101, 6663, 2639, 6790, 8671]]
[44, [8367, 5446, 4552, 4401, 3004, 9586, 2061, 4124, 7785, 4568, 3575, 8524, 7373, 4835, 6054, 7997, 9800, 9903, 9607, 2643, 321, 2240]]
[45, [7911, 9831, 8625, 7427, 4891, 9099, 9538, 7748, 6285, 8405, 2876, 1134, 569, 3376, 9615]]
[46, [4072, 7235, 3597, 3762, 8842, 6941, 8708, 2537, 4051, 6005, 5026, 7581, 5618, 784, 3106, 6001, 3163, 6692]]
[47, [9727, 3546, 9755, 6862, 6302, 9014, 9594, 5309, 7728, 9328, 7335, 1826, 6290, 4837, 1289, 6428, 3827, 5248, 7545, 4967, 352]]
[48, [2929, 8558, 5958, 2937, 9659, 9234, 4370, 2947, 2276, 7881, 8502, 4855, 2555, 9968, 2240]]
[49, [5217, 8007, 3476, 194, 8419, 1022, 7472, 5926, 379, 5755, 5170, 4828, 4326, 3240, 8005, 7240, 1625]]
[50, [2295, 8109, 7828, 330, 29, 8485, 9, 8424, 684, 3045, 4345, 3894]]
[51, [2696, 8699, 70, 5325, 132, 8403, 1177, 206, 7670, 2495, 481, 1010, 9262, 200, 1534, 3783, 4901, 6327]]
[52, [7539, 4925, 830, 6350, 3923, 1263, 640, 2692, 2758, 3475, 3270, 1689, 3792, 2, 2136, 9968, 321]]
[53, [5918, 7813, 5768, 1970, 7103, 7790, 4263, 8470, 2280, 8043, 6831, 9729, 1668, 4680, 1557, 1343, 8491, 9968, 9007, 8406]]
[54, [3668, 3494, 1873, 8300, 6747, 9211, 4986, 9411, 6424, 6898, 789, 1922, 2887, 7677, 6144, 4057, 4463, 8257, 3481, 7883, 4624, 6584, 1299, 7759, 3894, 321]]
[55, [3845, 4671, 2559, 1837, 3790, 8492, 1380, 6176, 962, 6121, 5433, 6986, 8121, 7992, 6021, 2555, 3982, 79]]
[56, [6468, 4946, 1759, 5511, 8261, 6886, 1585, 9176, 7151, 8099, 2171, 3944, 6130, 5149, 3758, 2058, 6101, 7949]]
[57, [2142, 8631, 3025, 7043, 6061, 3951, 9575, 5569, 3112, 1041, 9627, 5962, 3728, 5437, 3012]]
[58, [1280, 1850, 3987, 4180, 9235, 9783, 6916, 6197, 5466, 9427, 4375, 2604, 9863, 640, 2555, 2327, 7652, 6692, 1984, 79, 5715]]
[59, [2189, 5668, 7559, 6117, 9041, 293, 4146, 2690, 3864, 7142, 8220, 9416, 7664, 6083, 5352, 5730, 9842, 9244, 4855, 2986, 5715]]
[60, [7109, 1197, 8794, 467, 675, 1081, 19, 2170, 33, 8345, 8421, 3639, 2121, 9801, 6770, 2320, 3509, 2685, 9244, 3012, 5715, 2240, 2962]]
[61, [154, 5138, 7024, 5805, 2105, 4817, 7855, 9, 9356, 8722, 5342, 5044, 5219, 6566, 6028, 6486, 9930, 79]]
[62, [2002, 4708, 2838, 3375, 5010, 5290, 4418, 3711, 130, 9052, 8899, 3586, 8930, 2902, 8663, 7517, 925, 7438, 9007, 6938]]
[63, [4418, 3629, 8902, 2357, 3491, 1395, 1972, 1047, 9175, 2471, 1460, 6502, 6980, 7883, 2784, 7615, 8121, 7880, 745, 6258, 2]]
[64, [767, 1489, 1623, 4650, 8650, 313, 1039, 1009, 1833, 6351, 1758, 9990, 3916, 1541, 9301, 84, 9545, 9533]]
[65, [5992, 8325, 8862, 3473, 7287, 3318, 745, 9169, 8324, 4845, 6891, 3625, 6597, 9836, 1601, 3521, 2340, 4176, 2962]]
[66, [3705, 7769, 4996, 348, 6091, 5533, 9995, 617, 1214, 4692, 8250, 238, 7883, 79, 427, 2, 2962]]
[67, [3544, 2265, 2220, 7242, 8635, 2184, 9176, 9946, 340, 6871, 4154, 6520, 1366, 9003, 7732, 5715]]
[68, [7865, 1133, 4936, 5226, 693, 4730, 7426, 2113, 1212, 6947, 9700, 1079, 7320, 5773, 7179, 3586, 2240]]
[69, [4647, 5702, 3113, 5320, 3824, 1341, 9743, 3721, 8781, 3506, 5688, 823, 2556, 9224, 2651, 2121, 6692, 9007, 79]]
[70, [9332, 5809, 1714, 134, 9825, 8709, 2986, 979, 526, 7121, 6039, 7658, 3620, 8396, 2591, 2856, 8293, 2962]]
[71, [9316, 1636, 7438, 5287, 6800, 9591, 8990, 6804, 3537, 7439, 2258, 9789, 1728, 7213, 5601, 1784, 7053, 3012, 2962]]
[72, [1086, 5785, 1447, 1431, 5543, 7747, 7395, 271, 451, 3358, 3948, 1787, 8468, 3393, 4442, 1117, 1383, 4824, 1299, 8994, 3023, 7883, 79]]
[73, [468, 3319, 5199, 2139, 3305, 5818, 8341, 6537, 5432, 2611, 8920, 2673, 9178, 7388, 9568, 6641, 4972, 4294, 4164, 6385, 6748, 8150, 7456, 6635, 79, 7699]]
[74, [6637, 4185, 1214, 559, 9324, 7253, 2099, 1598, 8621, 8412, 272, 9005, 3543, 6030, 8069, 8994, 7153]]
[75, [4898, 1758, 6293, 4382, 3521, 4735, 7374, 356, 5285, 3648, 4982, 8451, 9545, 7296, 9199, 7240, 3830]]
[76, [4877, 3724, 8100, 5582, 885, 9824, 1622, 7219, 3566, 3858, 2692, 475, 2491, 4280, 8387, 9007]]
[77, [8962, 3314, 2251, 8539, 6710, 1633, 7380, 85, 46, 7861, 8583, 3522, 4574, 5604, 4886, 4346, 8462, 5962, 2962, 2]]
[78, [84, 2037, 2152, 9232, 4537, 2609, 2213, 1064, 5203, 7228, 7302, 4151, 7320, 9842, 3877, 6613, 9533, 321]]
[79, [8581, 5661, 7099, 2674, 9773, 1469, 6113, 5795, 5550, 867, 115, 9308, 2573, 3748, 254, 9230, 7992, 321, 4314, 6613, 2962]]
[80, [2725, 2268, 2614, 6301, 4739, 1931, 9348, 8356, 4725, 8200, 2823, 5223, 7, 2240]]
[81, [2414, 6161, 1350, 4558, 5533, 3900, 3597, 6469, 9090, 9927, 804, 290, 2180, 8798, 6595, 3004, 9007, 7652, 2]]
[82, [3321, 5954, 2125, 6087, 3245, 902, 7723, 99, 8182, 2997, 6332, 5509, 9224, 6153, 311, 3982, 5715]]
[83, [7037, 2808, 5600, 5941, 1101, 9450, 8228, 4374, 6652, 4099, 614, 2382, 2533, 9270, 427, 321]]
[84, [2166, 7822, 9071, 3861, 4218, 4825, 1538, 677, 3318, 6247, 2794, 4180, 4610, 3758, 3371, 4199, 321]]
[85, [7494, 2187, 4715, 3588, 3244, 648, 5742, 5441, 8755, 8850, 1155, 4520, 4705, 5038, 6482, 3758, 2643, 2240, 5715]]
[86, [1754, 5960, 1751, 4603, 7694, 7859, 979, 8236, 7032, 2321, 3900, 1000, 3714, 8775, 6691, 1241, 4765, 4199, 3728, 8994]]
[87, [9363, 5686, 6165, 1419, 5911, 1754, 6132, 8129, 6789, 7997, 7361, 3240, 1979, 2643, 3543]]
[88, [5816, 7208, 4266, 8977, 9396, 7151, 1588, 1442, 5032, 3016, 9668, 2199, 3043, 4679, 2299, 9470, 8812, 5848, 2643, 5880, 2240]]
[89, [6886, 5486, 6762, 1185, 5905, 1563, 2123, 8634, 1711, 4700, 3860, 9398, 6226, 2986, 935, 5962]]
[90, [1981, 8177, 711, 7744, 4180, 2821, 6090, 3668, 2904, 543, 9052, 4078, 6467, 3783, 7997, 5715, 2288, 3074]]
[91, [4723, 8195, 6977, 7121, 3021, 9334, 8777, 8021, 5652, 2826, 3944, 9191, 2155, 4311, 6692, 5862, 7296, 7652, 8005, 7762]]
[92, [5075, 8720, 3938, 2181, 8538, 8121, 888, 3899, 3509, 7474, 2234, 6699, 4397, 3982, 5064, 2240]]
[93, [3515, 6501, 3930, 7706, 2512, 6745, 2287, 627, 6477, 9248, 1762, 5352, 5248, 4027, 8193]]
[94, [613, 640, 7724, 9659, 4919, 6554, 9008, 1267, 8114, 2964, 6114, 6455, 2166, 5193, 8070, 8470, 6054, 2288]]
[95, [9793, 6441, 2346, 9290, 313, 3505, 9715, 6571, 2566, 592, 8663, 1632, 9518, 159, 4957, 8994, 79]]
[96, [8049, 8435, 200, 5843, 7584, 4142, 4542, 4307, 3655, 2364, 1496, 8994, 6054, 5715]]
[97, [4211, 7535, 9188, 6344, 5307, 7328, 7663, 8457, 6557, 6594, 5478, 6050, 8212, 2555, 2437, 8470, 9224, 9301, 9007, 9545, 6054, 3894, 5715]]
[98, [2650, 9099, 5671, 7393, 1576, 8066, 5999, 520, 478, 7679, 3278, 1985, 4045, 8462]]
[99, [277, 434, 2963, 8719, 4327, 3577, 3196, 8194, 2179, 2396, 9230, 4399, 1339]]
[100, [9200, 4076, 155, 7883, 1829, 2986, 1268, 5130, 6979, 9747, 2527, 9669, 3666, 4962, 3758, 8994, 5962]]
[101, [7975, 5432, 4588, 4264, 224, 6698, 6580, 4986, 2043, 8994, 623, 174, 8223, 8836, 979]]
[102, [8010, 1648, 8409, 9711, 3432, 4153, 6278, 4258, 4769, 4842, 8116, 3830, 6938, 2240]]
[103, [199, 6619, 2200, 9069, 6527, 7099, 5708, 2141, 3459, 1618, 1580, 1852, 3543, 7864, 2704, 2, 2555]]
[104, [8574, 7356, 7276, 1155, 975, 2480, 1862, 5564, 8385, 8970, 231, 6613, 2666, 5715, 6030, 79]]
[105, [472, 3115, 1968, 5722, 8554, 9651, 1050, 2740, 8795, 4021, 5200, 1647, 4107, 4923, 5172, 5748, 1238, 2240]]
[106, [1829, 1979, 4817, 5832, 6247, 664, 8953, 5830, 4663, 3231, 3541, 2212, 6049, 5064, 2555, 7153]]
[107, [6905, 9912, 5809, 1181, 536, 8651, 6282, 2589, 8327, 6894, 6831, 1172, 5536, 1780, 79, 5412]]
[108, [1556, 5169, 7357, 1059, 7787, 1081, 9335, 8087, 512, 5038, 4511, 4137, 7875, 9584, 2340, 9533, 79]]
[109, [2815, 9195, 3210, 4130, 3310, 820, 4615, 8525, 7646, 8343, 2611, 527, 2, 6827, 8994, 7240, 321]]
[110, [2183, 4679, 3555, 2876, 8017, 3986, 2833, 4674, 902, 6776, 4044, 3627, 8421, 6134, 8209, 7629, 6980, 4020, 3836, 427]]
[111, [9130, 1003, 4752, 167, 9167, 4016, 2631, 8471, 3361, 2082, 790, 7126, 2327, 5715]]
[112, [5131, 2789, 9224, 766, 162, 1199, 6323, 8873, 4080, 7391, 3891, 1373, 1770, 2986, 8994]]
[113, [2103, 3272, 1426, 1700, 591, 8535, 1442, 6471, 6251, 8565, 3561, 9078, 8332, 79]]
[114, [8824, 5826, 9805, 4171, 1084, 3827, 6182, 7848, 2258, 4654, 4299, 2208, 9837, 8970, 867, 5019, 7949, 1216, 4901]]
[115, [4487, 7895, 3014, 4464, 6272, 2445, 300, 9484, 4624, 2333, 6941, 2622, 1552, 8800, 3360, 4928, 8711, 7652]]
[116, [5171, 3903, 7166, 4182, 682, 2843, 7258, 779, 452, 4345, 1686, 7736, 2240, 935, 5715]]
[117, [9761, 7266, 8364, 5904, 1689, 1836, 9751, 2746, 64, 2049, 2267, 5846, 921, 2699, 8994, 7240, 7153, 2]]
[118, [2756, 6320, 7892, 1313, 5242, 8690, 171, 5553, 6530, 2891, 5667, 9735, 8470, 4343, 4824, 6030, 1524, 5880, 1105, 9968, 427, 3012, 2962, 5715, 79]]
[119, [9707, 9604, 9582, 2982, 4404, 1764, 6786, 278, 4997, 4508, 1414, 2864, 554, 8971, 6303, 8722, 776, 6537, 8005, 2]]
[120, [6858, 117, 2007, 4382, 1523, 7744, 473, 8186, 3152, 5882, 7050, 9697, 7652, 5962]]
[121, [6474, 250, 3203, 3503, 829, 7354, 2439, 4581, 844, 7675, 6347, 6439, 5898, 7243, 4626, 7191, 4855, 5715]]
[122, [2655, 1678, 8830, 4732, 5217, 3590, 4601, 6107, 5660, 7809, 3495, 5795, 7177, 1986, 6899, 8671, 6635, 4314, 6584]]
[123, [7037, 125, 686, 5031, 3661, 3598, 7249, 3558, 2356, 875, 4943, 2198, 9848, 9139, 7517, 321]]
[124, [3896, 4616, 316, 5113, 7294, 6973, 754, 6545, 7420, 4945, 4118, 7938, 2958, 8844, 8332, 1110, 9075, 1534, 3753, 79]]
[125, [5556, 5067, 75, 1988, 9095, 5829, 8090, 2881, 3515, 7622, 7472, 8062, 3519, 2184, 5880, 9968, 2121, 935, 9533, 1774]]
[126, [4617, 8585, 6907, 4123, 883, 1886, 6418, 274, 8937, 4305, 4354, 8591, 7429, 5341, 7153]]
[127, [6598, 3002, 6656, 1023, 3835, 1624, 7483, 3305, 3936, 4234, 119, 2302, 4371, 2149, 3360, 7883]]
[128, [8169, 9260, 5456, 4498, 8928, 4183, 9205, 6629, 1354, 2050, 1274, 5095, 4222, 8717, 5704, 8830, 3602]]
[129, [4128, 2926, 7430, 3062, 6961, 3956, 5165, 5615, 3026, 6836, 5742, 7413, 9451, 3584, 6584, 6021, 4314, 8716, 5219]]
[130, [7511, 7572, 5356, 9069, 127, 2408, 115, 7155, 3221, 9707, 8027, 3555, 8512, 5933, 3160, 7759, 6613, 9930, 3012, 2555, 2288, 5715, 321]]
[131, [6909, 4350, 4411, 4117, 857, 2541, 8047, 5167, 3086, 5543, 3674, 7656, 921, 7337, 6892, 1429, 935, 427, 5962, 2]]
[132, [607, 9010, 9137, 5586, 1645, 8445, 4783, 8557, 7492, 3918, 1834, 6185, 5349, 2414, 838, 1774, 9903, 2986, 3877, 5715]]
[133, [4957, 7502, 5272, 8527, 8354, 6684, 4285, 9133, 5459, 1044, 9584, 5604, 5848, 2662, 4234, 7699, 8994, 5326, 2240]]
[134, [2815, 1167, 6154, 3080, 4341, 7746, 4884, 9118, 4227, 6528, 8409, 6279, 4078, 225, 447, 1763, 7575, 6467, 9007, 2962, 427]]
[135, [8299, 6945, 7262, 3162, 7174, 553, 7142, 6427, 4579, 1588, 4231, 257, 7429, 9842, 5715]]
[136, [742, 487, 5708, 6281, 1001, 8391, 8799, 7910, 7878, 5900, 9114, 3564, 1705, 2437, 7085, 321, 7949, 2555, 5715]]
[137, [1190, 6460, 3893, 5056, 2090, 9174, 5430, 9467, 3502, 7382, 3079, 7259, 5748, 4643, 4531, 1625, 4035, 2]]
[138, [8190, 9655, 4404, 8396, 2882, 9376, 8988, 8700, 7686, 7895, 8441, 2314, 6134, 5797, 3274, 5062, 2182, 1238, 1121, 2240]]
[139, [6791, 9426, 302, 7073, 3879, 8581, 8986, 9615, 2236, 8523, 1231, 7692, 6346, 9098, 5726, 5583, 4314, 3012, 2962]]
[140, [5935, 999, 3130, 7901, 6771, 1072, 5612, 572, 3846, 8508, 9311, 2292, 8125, 321]]
[141, [9384, 845, 8578, 941, 7286, 3721, 2026, 6683, 6914, 6472, 1285, 5006, 7669, 9199, 3586, 2155, 321]]
[142, [2688, 445, 2160, 477, 5465, 1971, 4332, 7543, 7406, 7638, 2768, 9224, 8125, 7883, 9968]]
[143, [6733, 2945, 7293, 4450, 6121, 5819, 4318, 5105, 655, 4382, 6398, 6631, 1625, 8124, 6021, 79, 745]]
[144, [8099, 3007, 2591, 3958, 3110, 2495, 8704, 3876, 7057, 9539, 4390, 2705, 3069, 6836, 6712, 6584, 79, 3894, 935]]
[145, [8163, 6455, 3835, 2709, 6934, 9926, 6674, 6540, 9063, 6274, 307, 7086, 1223, 3784, 4580, 5504, 6538]]
[146, [160, 5335, 1778, 467, 6142, 9075, 4126, 4195, 7782, 7102, 1455, 7212, 5211, 2685, 2013, 4494, 7709, 5412, 8994, 9007, 2288, 8125]]
[147, [8138, 1255, 8403, 5442, 9949, 8019, 8512, 2182, 8066, 3761, 7040, 5336, 6254, 7932, 9615, 5748, 8387, 2288, 6938]]
[148, [6289, 399, 8135, 6327, 4409, 7408, 8638, 3549, 2864, 722, 4854, 4961, 1934, 6566, 8499, 9582, 79]]
[149, [5214, 6047, 5829, 5982, 6777, 1564, 2809, 6277, 391, 7440, 3798, 84, 7179, 6938, 7880, 2962, 79]]
[150, [1077, 6490, 5082, 4218, 1008, 61, 2303, 1477, 9418, 3184, 8181, 4022, 5190, 2634, 8406, 5715, 3894]]
[151, [7843, 8977, 1289, 8881, 1828, 6012, 5416, 1295, 1493, 2425, 9513, 1105, 9713, 1956]]
[152, [5222, 3193, 8262, 6006, 3888, 3371, 2606, 1999, 6095, 2574, 9139, 1858, 2858, 4679]]
[153, [9564, 2331, 7254, 6974, 3977, 986, 9794, 6796, 6518, 3538, 4679, 625, 7517, 5869, 7153, 4326, 5715]]
[154, [7061, 2720, 3051, 3351, 3364, 706, 9811, 5752, 1656, 2105, 865, 9623, 4035, 6400, 3942, 7956, 654, 7992, 2346, 3074]]
[155, [3771, 1896, 5302, 4547, 8306, 2132, 2667, 888, 2654, 1353, 8104, 9903, 935, 6827, 2240, 8125, 5715]]
[156, [2984, 9831, 4795, 3363, 1132, 5576, 2959, 6056, 7582, 7158, 4274, 8017, 3393, 7709, 2962, 935]]
[157, [762, 2831, 7257, 747, 7807, 6710, 687, 2956, 7496, 2480, 947, 4914, 8685, 6938, 4531, 3537, 2892]]
[158, [235, 5682, 5549, 5257, 3217, 562, 5660, 3709, 2768, 7099, 2960, 8775, 2962]]
[159, [8662, 3777, 1058, 7717, 1115, 7146, 1100, 6531, 5753, 7902, 2858, 1374, 6680, 6615, 1348, 4071, 4199, 3023, 79]]
[160, [3286, 6025, 6329, 2488, 742, 6858, 2370, 1326, 5206, 3958, 7742, 8487, 8104, 3371, 4765, 8193, 3012]]
[161, [7098, 7264, 7406, 9173, 9534, 4349, 2165, 275, 480, 341, 6490, 447, 5869, 2]]
[162, [4718, 321, 6389, 6544, 9216, 250, 5303, 5647, 5586, 9353, 8121, 6023, 2429, 3679, 211, 6082, 5451, 5788, 5122]]
[163, [6390, 4779, 5820, 5370, 2300, 5588, 7241, 3536, 5082, 1253, 6354, 3728, 6030, 8125, 2]]
[164, [3557, 8838, 9560, 8475, 531, 7771, 2018, 6881, 3604, 5962, 2098, 8374, 1325, 2818, 1391, 1299, 935, 8125, 7762, 8470, 427]]
[165, [6742, 2391, 8005, 8143, 9457, 6442, 7799, 4902, 1248, 1839, 7151, 5437, 7652]]
[166, [3940, 8588, 1846, 1957, 9384, 8885, 3525, 131, 4053, 2438, 8479, 685, 5122, 3377, 9533, 1534, 2555, 2, 5715]]
[167, [1204, 6497, 7070, 9469, 5456, 4396, 802, 6332, 683, 7915, 7961, 2039, 3863, 6374, 4314, 6827, 9007, 4199]]
[168, [1522, 9741, 6986, 9784, 8988, 8966, 8362, 3279, 4248, 1188, 324, 5502, 9178, 6712, 7219, 3885, 2962, 2]]
[169, [9124, 9709, 3668, 7694, 6807, 8116, 7539, 2671, 408, 9420, 608, 9194, 2339, 1095, 9224, 1238, 2]]
[170, [9298, 9995, 546, 1592, 2583, 9828, 2688, 2077, 3498, 9992, 7798, 1964, 774, 3061, 745, 3074, 6537, 2240]]
[171, [7581, 7663, 7318, 1611, 2825, 7511, 1047, 9346, 1448, 1433, 8834, 8841, 9199]]
[172, [9290, 9352, 9821, 7430, 4336, 4904, 9138, 8158, 2398, 5009, 492, 6258, 2298, 8132, 6428, 3753, 745, 7120, 3728]]
[173, [1219, 1608, 3393, 2526, 4818, 9316, 3082, 5424, 7410, 1020, 5586, 9981, 4361, 2404, 1784, 5340, 7240, 2962]]
[174, [3943, 6964, 7378, 3205, 2064, 6173, 9492, 9980, 5080, 2026, 3932, 6465, 3894, 5715]]
[175, [4845, 3290, 3489, 5538, 6096, 7278, 210, 5555, 5410, 4141, 1681, 4873, 8713, 4912, 1401, 8116, 9007]]
[176, [1623, 5673, 3670, 4451, 1835, 4311, 4815, 4708, 2552, 1392, 3092, 5213, 3110, 3875, 3232, 8387, 2962]]
[177, [2932, 8258, 9468, 5917, 6354, 8275, 2721, 2490, 8515, 5850, 6988, 7148, 1528, 7885, 1496, 1948, 2518, 3757, 925, 6044, 2]]
[178, [4909, 5080, 3495, 999, 5823, 5320, 9539, 7656, 8792, 3781, 1736, 5578, 2231, 2198, 6178, 3894, 935, 2]]
[179, [6980, 9105, 7905, 8863, 8031, 234, 796, 7052, 4413, 1444, 2665, 3432, 4420, 7736, 7569, 8405, 7204, 2923, 9930, 3521, 7880]]
[180, [1841, 3282, 5316, 1011, 2861, 9776, 9194, 5259, 9181, 7618, 9370, 5631, 8932, 4020, 3243, 3376, 7652, 2]]
[181, [18, 1271, 7947, 2214, 7641, 711, 6187, 8268, 9302, 6362, 7277, 6282, 9700, 8535, 1641, 1353, 7709, 7055, 5715, 2]]
[182, [1586, 2344, 3425, 3722, 2133, 1213, 5423, 8097, 9495, 6530, 4584, 4134, 204, 2966, 5075, 5752, 6141, 2962]]
[183, [9561, 4136, 1643, 6751, 4715, 9770, 8383, 4282, 9428, 7968, 8512, 4890, 2986]]
[184, [5737, 7669, 2906, 863, 5684, 2423, 4062, 1990, 3246, 5405, 7402, 7932, 8716, 2615, 6613]]
[185, [1337, 4114, 5071, 8459, 3982, 3255, 164, 6308, 4060, 1674, 1977, 1235, 9259, 9803, 935, 6938]]
[186, [4687, 5167, 8858, 6191, 7533, 8211, 7417, 3987, 7588, 5908, 5974, 6067, 6778, 3783]]
[187, [8967, 6858, 2970, 8452, 3819, 4278, 5846, 2851, 7905, 8449, 1122, 8775, 3331, 3894, 1668]]
[188, [6644, 9437, 9329, 8218, 7057, 6688, 1370, 7509, 7607, 2590, 4214, 3165, 5308, 4011, 4574, 3158, 7413, 7240, 7652]]
[189, [4678, 4876, 6005, 9639, 2641, 7032, 7901, 2900, 3341, 4491, 2962, 5715]]
[190, [1940, 9647, 6729, 2930, 4791, 8908, 2691, 8526, 9052, 7639, 1978, 4880, 1962, 7120, 4199, 2240]]
[191, [8840, 1566, 7770, 2385, 342, 8550, 612, 6997, 2733, 5762, 2259, 8841, 5418, 8848, 1668, 5064, 1429, 2, 5715]]
[192, [1395, 9545, 651, 9490, 7854, 2968, 4466, 9665, 6676, 6915, 790, 9057, 7717, 8068, 8248, 8333, 2962, 3376, 6054, 3877, 6778, 79]]
[193, [500, 2639, 9343, 3999, 9634, 5743, 844, 1152, 476, 2038, 4658, 5507, 321]]
[194, [6691, 9851, 3254, 1864, 6194, 2474, 1743, 2740, 8408, 8522, 3177, 4516, 4314, 979, 3584, 1105, 2962, 3936, 7652, 4199]]
[195, [5167, 173, 5418, 8185, 4251, 4919, 8396, 2167, 6322, 4827, 6453, 7086, 2383, 6635, 8235]]
[196, [8657, 7161, 3289, 8729, 8332, 4662, 3295, 7951, 678, 7910, 2566, 3304, 9144, 183, 6692]]
[197, [2734, 9553, 8184, 5213, 3525, 1805, 7056, 1162, 9411, 5694, 3758, 8125, 2013, 6054, 3830]]
[198, [1557, 5888, 5088, 1344, 7904, 1582, 391, 7983, 8179, 21, 4983, 4773, 8934, 468, 9007]]
[199, [7213, 4886, 3176, 5739, 9507, 3915, 2594, 4345, 7553, 188, 6775, 1734, 4547, 7512, 2, 1898, 7852, 321, 2962, 79]]
[200, [6824, 2690, 210, 7664, 5892, 5109, 4232, 4747, 8590, 4974, 7513, 50, 5742, 1625, 2121, 6938]]
[201, [4729, 8522, 7662, 6601, 4097, 771, 7505, 351, 9181, 4180, 8355, 761, 1496, 2128, 1125, 7153, 79]]
[202, [4810, 7315, 1428, 3175, 9770, 6477, 8610, 9956, 5784, 5999, 3116, 5645, 3203, 1984, 9299, 7883, 2986, 321, 2240]]
[203, [5832, 6359, 4971, 7071, 9022, 1770, 6954, 8319, 5794, 3715, 9235, 8938, 1921, 3398, 1079, 76, 2962, 7762, 8812, 2240]]
[204, [8202, 144, 9204, 9890, 7843, 8885, 4819, 5748, 1459, 793, 3703, 6635, 7652, 6613, 9007]]
[205, [3504, 5159, 5990, 288, 6787, 2543, 8134, 7291, 4175, 7205, 601, 2743, 7709, 3871, 2732, 9842, 9930, 8005, 8994, 5219, 935]]
[206, [6257, 8618, 845, 2236, 5594, 8708, 2603, 5613, 391, 7899, 6133, 3328, 9460, 6570, 6285, 2, 9533, 2240]]
[207, [3523, 2079, 3063, 9959, 9805, 6808, 6791, 5038, 8450, 430, 8408, 2166, 4985, 6613, 4035, 3894]]
[208, [5324, 6536, 4273, 4030, 8601, 8003, 585, 2269, 6475, 5272, 6986, 6537]]
[209, [1006, 8654, 3483, 8484, 7614, 3102, 5415, 8252, 654, 3604, 7189, 9615, 6672, 6327, 9129, 1299, 4035, 1668, 935]]
[210, [2317, 7814, 271, 7830, 441, 5753, 1968, 6096, 3869, 4325, 1396, 6428, 6938, 1534, 9129]]
[211, [7585, 1841, 5027, 5272, 2164, 3509, 3383, 1704, 3416, 4166, 9351, 1450, 7762, 3381, 8026, 9633, 6095, 5326, 6938, 4728, 321]]
[212, [7072, 1090, 4668, 5307, 481, 7377, 140, 4351, 9945, 9902, 8336, 8784, 3567, 6613, 7219, 6547, 4199]]
[213, [1954, 9095, 3864, 2178, 2131, 1233, 7141, 1693, 3533, 5440, 691, 3072, 1579, 9299, 200, 6584, 6938, 3936]]
[214, [4760, 6121, 4886, 140, 7352, 4885, 1288, 6037, 7030, 4277, 8570, 3125, 3781, 2662, 5821, 7120, 2, 5962]]
[215, [2639, 6570, 8964, 3653, 7838, 5233, 5169, 5966, 8293, 9441, 4809, 834, 1291, 3363, 2344, 3232, 8487, 6938, 2240]]
[216, [4449, 1297, 785, 4224, 3076, 8366, 8579, 6766, 1547, 8389, 6049, 8396, 9040, 5141, 8711, 7791, 321]]
[217, [8666, 1758, 9735, 4247, 2334, 7419, 4149, 3230, 2219, 8175, 8221, 935, 9244, 7153, 8462, 5715, 4855, 321]]
[218, [5529, 2174, 7594, 916, 6318, 6825, 507, 3507, 9337, 6576, 398, 9688, 2134, 6387, 6306, 8495, 7413, 3012, 2]]
[219, [8878, 532, 1005, 112, 9156, 981, 8157, 6484, 6543, 1637, 4876, 8090, 9416, 673, 5446, 1512, 7240, 321, 6101, 3877, 2]]
[220, [7907, 1110, 2155, 8758, 3784, 275, 9805, 5987, 1150, 6727, 1802, 3604, 8612, 2, 4033, 4102, 3792, 116, 1572, 7438, 6827, 9968, 3012, 2240]]
[221, [8212, 7968, 9154, 9578, 7136, 2141, 2597, 6800, 4806, 6320, 9781, 393, 8155, 2698, 5899, 79, 5412]]
[222, [4140, 6745, 3703, 625, 989, 3045, 9627, 2498, 9138, 426, 8707, 5810, 1348, 6021, 4340, 935]]
[223, [5700, 4673, 1267, 3898, 3773, 8314, 1421, 8281, 5823, 9633, 3543, 2543, 259, 2240, 2962]]
[224, [1418, 4844, 2742, 8703, 1369, 958, 2019, 7175, 5537, 8939, 6134, 8495, 2986, 7438, 7762, 321]]
[225, [8592, 2100, 4798, 200, 3631, 1007, 614, 3925, 800, 8260, 9320, 763, 8532, 5993, 4787, 7710, 7240, 321, 3894]]
[226, [3488, 4123, 3529, 4101, 4281, 8868, 1439, 5099, 7270, 4904, 7671, 873, 8480, 5446, 3074]]
[227, [1108, 5570, 7805, 8338, 9256, 6887, 6214, 6564, 4543, 1276, 652, 9731, 7219, 7133, 7949, 2962]]
[228, [2915, 1209, 7028, 5608, 7325, 1931, 9947, 3416, 6131, 8148, 4353, 178, 1036, 6633, 3835, 1079, 6074, 7949, 4679, 2240]]
[229, [119, 8572, 2095, 6031, 5636, 7224, 7487, 7347, 8131, 7965, 8608, 3353, 3320, 8668, 8812, 5917, 1524, 2422, 9968, 79]]
[230, [9990, 3933, 4250, 9574, 530, 3195, 7175, 8996, 9530, 2518, 5198, 7266, 3074, 9199, 7120, 935]]
[231, [4894, 401, 4145, 6085, 3074, 9157, 452, 2468, 9072, 6469, 7110, 3106, 7864, 321, 6534, 5437, 79, 9533, 2240]]
[232, [8700, 1960, 1463, 2230, 2457, 5024, 6326, 6528, 1514, 6066, 7055, 7922, 6044, 2643, 9224, 3012, 1299, 7699, 6613, 3894]]
[233, [7884, 9939, 7402, 9469, 4400, 5254, 2417, 1101, 9641, 497, 1534, 6213, 8188, 4513, 205, 7120, 4679, 8134, 6327, 925]]
[234, [8623, 9207, 8478, 6775, 7295, 7181, 7101, 1922, 838, 1549, 6522, 4314, 2240]]
[235, [3907, 4134, 2215, 3034, 2764, 109, 3653, 2208, 3447, 2526, 916, 8323, 607, 7949, 3894]]
[236, [6982, 3346, 4197, 6383, 7132, 9444, 823, 6849, 5176, 8119, 7103, 5909, 4801, 3836, 5962, 2240]]
[237, [3818, 3175, 271, 6595, 4540, 5120, 7334, 2960, 9029, 8272, 1829, 1395, 5775, 8406, 2615]]
[238, [3480, 6735, 9547, 227, 4860, 1602, 6476, 4168, 6822, 9113, 3934, 6692, 8167, 7105, 2288, 3074, 6054, 8994]]
[239, [1493, 3531, 2936, 9631, 1999, 9598, 8438, 231, 1737, 8363, 8711, 7296, 7762, 427, 321]]
[240, [2558, 6213, 8463, 5190, 3948, 5292, 9903, 7751, 3699, 8171, 5417, 2621, 3212, 3767, 977, 6630, 8134, 3376, 2155, 5715]]
[241, [899, 6332, 8843, 5186, 3175, 312, 4121, 1009, 9234, 6944, 3679]]
[242, [6987, 245, 9264, 5768, 9845, 9649, 5713, 2735, 5249, 1895, 5586, 8455, 8343, 1476, 3032, 4901]]
[243, [54, 3677, 1270, 524, 3951, 9386, 4419, 5494, 2033, 2927, 5808, 7240, 9330, 1429, 2192, 935, 979, 2240, 2]]
[244, [7154, 4440, 2339, 7977, 6784, 1972, 1290, 5581, 4386, 231, 772, 883, 4531, 5762, 4948, 367, 5064, 8125, 5340, 79]]
[245, [7835, 4519, 5771, 7858, 9731, 1122, 7291, 1478, 1964, 1528, 5282, 1652, 2707, 6521, 5451, 6566, 3783, 2555, 238, 1668, 9244, 8994, 8671, 5412, 2288, 79]]
[246, [3025, 3923, 9521, 7037, 114, 227, 9192, 4365, 6785, 2175, 2951, 1883, 6627, 8748, 253, 653, 4579, 5251, 1354, 7146, 3623, 1868, 5715, 8125, 79, 2]]
[247, [2399, 6080, 3101, 2743, 9400, 3935, 4003, 7227, 3951, 595, 7413, 3012]]
[248, [4588, 521, 5710, 4371, 4025, 6223, 3052, 1437, 4023, 1539, 1212, 9015, 5869, 5962, 321, 2288]]
[249, [6510, 9959, 4573, 1701, 8088, 9185, 9011, 3842, 1615, 3309, 6818, 9555, 79, 2555]]
[250, [2678, 5342, 1315, 5970, 1678, 4980, 4010, 8082, 3571, 7423, 1647, 137, 3584, 2685, 7669, 2892, 2, 3371, 2155, 6938, 321]]
[251, [1317, 7443, 978, 2295, 2933, 8338, 34, 1832, 3250, 5443, 1594, 4350, 9875, 9795, 321, 5788, 6584, 979]]
[252, [4370, 7053, 447, 8412, 9221, 8612, 7770, 2714, 3104, 790, 987, 7525, 2694, 5643, 3043, 8134, 7883]]
[253, [1019, 4928, 9544, 2817, 4326, 6855, 4296, 7179, 5129, 4564, 6047, 1203, 1371, 3401, 6264, 6547, 2685, 84, 352, 5340]]
[254, [4587, 3761, 7109, 8900, 239, 7038, 6, 4449, 7023, 936, 801, 4899, 79, 745, 8920, 7153, 2986, 7652, 7949]]
[255, [76, 5736, 6848, 764, 398, 1486, 2450, 1050, 4099, 1737, 2184, 6469, 534, 4967, 2121, 3103, 925, 7880, 745]]
[256, [7595, 2612, 3480, 9752, 96, 3722, 2533, 683, 7493, 2736, 1424, 9167, 7438, 7296, 447, 4679, 6613]]
[257, [9944, 3809, 4753, 4387, 5572, 9429, 6019, 141, 2191, 3283, 3433, 3146, 8498, 3074, 79]]
[258, [8804, 7794, 2210, 1174, 409, 9468, 4061, 4164, 9497, 2760, 4855, 7699, 3936, 5715]]
[259, [3565, 1588, 8532, 3171, 416, 3312, 7142, 9816, 567, 4423, 1598, 750, 6154, 1750, 76, 2288, 427, 2]]
[260, [2591, 6336, 4587, 1210, 9314, 5615, 921, 4674, 4002, 8720, 6547, 5391, 930, 6174, 2442, 6057, 4326, 6613, 9968, 8994]]
[261, [4914, 1666, 4550, 7020, 5015, 2342, 1639, 5536, 3140, 7197, 5053, 4093, 4170, 4311, 8387, 79]]
[262, [5582, 7232, 6057, 6090, 6036, 8283, 7503, 5793, 9174, 6668]]
[263, [6333, 7541, 1579, 9920, 6492, 4208, 7192, 6191, 879, 7090, 5571, 4705, 1343, 2030, 4749, 5053, 1889, 3877, 420, 3586, 8125]]
[264, [3447, 2106, 1305, 1392, 6770, 4745, 9749, 5158, 3274, 7020, 6682, 7744, 5412]]
[265, [4343, 6355, 6795, 1558, 7379, 9147, 7263, 9906, 7577, 6686, 7891, 6984, 4029, 3111, 4199, 183, 427, 7413]]
[266, [8866, 7099, 5343, 7980, 5006, 7833, 3328, 1501, 7118, 1085, 2278, 5846, 4319, 6263, 6346, 4311, 1774, 7759, 7120, 5412, 2288, 2962]]
[267, [9943, 5371, 4978, 7169, 5095, 4947, 1210, 1541, 1587, 9243, 575, 8784, 5072, 5326, 2643, 5458, 8387]]
[268, [9240, 1922, 6964, 5960, 6508, 2560, 3898, 6316, 5762, 177, 6465, 6692, 4824, 5748, 321]]
[269, [6139, 5487, 9593, 9841, 7599, 7557, 1522, 7453, 9406, 5258, 5099, 5696, 5015, 9023, 7457, 1134, 4909]]
[270, [693, 3398, 8136, 7032, 1224, 7791, 4565, 5092, 5919, 4923, 6490, 6481, 3936, 321]]
[271, [8234, 5916, 2513, 7041, 3118, 1250, 2704, 2152, 877, 738, 9284, 4482, 2061, 1750, 427, 79]]
[272, [1213, 4022, 4314, 892, 4800, 2486, 2444, 9481, 7145, 4802, 8925, 7784, 9341, 9523, 5715, 79]]
[273, [8676, 7808, 7830, 4463, 8468, 3054, 5306, 8011, 2762, 8113, 7349, 889, 9669, 8816, 5748, 4639, 3077, 2962]]
[274, [7318, 4497, 6983, 4992, 2909, 2045, 5947, 8863, 177, 8745, 1304, 3661, 4974, 2327, 4151, 569, 5748, 321]]
[275, [6456, 9100, 7616, 2670, 4677, 5026, 4768, 4336, 7013, 8505, 9859, 3381, 6101, 6621, 3159, 2175, 1641, 6978, 79, 3012, 7949, 5412, 5715]]
[276, [5620, 9438, 6758, 1425, 2376, 4202, 886, 7375, 7815, 8532, 6659, 1491, 7888, 5981, 7669, 3052, 9968, 4311, 6082, 8994, 199, 321, 7652]]
[277, [9549, 9919, 717, 1809, 2391, 6422, 3801, 7661, 910, 9286, 8824, 7252, 5111, 8227, 321]]
[278, [2387, 1959, 4421, 4296, 2348, 5588, 1840, 3608, 311, 3498, 9719, 4785, 816, 6973, 3728, 5412, 79]]
[279, [4334, 6633, 5175, 2526, 2822, 4962, 204, 1513, 2195, 5897, 6379, 2307, 7553, 6803, 1134, 5412]]
[280, [1337, 5439, 1582, 1476, 8187, 6089, 1673, 1406, 8354, 9975, 9979, 7652, 6404, 8644, 5307, 4855, 1668]]
[281, [4581, 9699, 8704, 7777, 7855, 8615, 9242, 6379, 4968, 2462, 1454, 9007]]
[282, [7137, 1546, 7613, 5310, 9391, 777, 8215, 5672, 616, 2748, 6923, 6391, 545, 782, 9604, 9968, 3050]]
[283, [7937, 2691, 3632, 2921, 7524, 7470, 158, 5234, 9292, 5966, 4234, 139, 6672, 7413]]
[284, [6755, 8683, 5437, 8933, 7628, 8948, 543, 3943, 3688, 2672, 220, 8212, 2666, 447]]
[285, [8809, 9513, 2308, 8254, 2439, 2971, 2552, 4714, 9452, 3829, 6941, 6302, 9461, 2171, 1997, 3936, 4311, 3894]]
[286, [7353, 4080, 4539, 4155, 6667, 7509, 6554, 6800, 4243, 1568, 6545, 607, 7918, 2965, 322, 5211]]
[287, [4251, 658, 5641, 5503, 4398, 3717, 7368, 3228, 6853, 9173, 7881, 9940, 1429, 4679, 1121]]
[288, [113, 9479, 3133, 8449, 9979, 9342, 8319, 2701, 2469, 7793, 8994, 2, 427, 2962]]
[289, [5584, 5116, 3598, 8864, 5233, 8445, 3558, 258, 829, 4100, 5841, 668, 6401]]
[290, [8930, 7578, 7814, 7515, 6015, 1052, 9596, 9448, 4962, 5765, 5576, 4107, 321, 2288, 7652, 2340, 2555]]
[291, [2445, 5584, 8223, 3905, 9051, 312, 547, 6412, 8421, 4331, 6708, 4739, 7162, 4728, 3032, 9842, 4326, 2240, 9968]]
[292, [1642, 1854, 3861, 6494, 3340, 3190, 8450, 7007, 186, 1498, 1286, 6783, 3830, 7053, 731, 1668, 79]]
[293, [3009, 8446, 3614, 2408, 8003, 7317, 7008, 1921, 5802, 5390, 2240, 6082, 79, 9244, 2962]]
[294, [6329, 9678, 3242, 3646, 5106, 2609, 5785, 2111, 2742, 3748, 2423, 7880, 5339, 1731, 4855, 7652, 9968]]
[295, [707, 1705, 1779, 5249, 7335, 5328, 1890, 7465, 7291, 7672, 8188, 106, 5010, 3285, 6899, 3106, 7669, 9075, 9533, 3074, 1668]]
[296, [3181, 5930, 8000, 4915, 8174, 1236, 4318, 6444, 4929, 6662, 719, 4624, 2]]
[297, [6285, 4048, 2893, 8314, 5973, 4119, 1038, 8349, 741, 7068, 8478, 3004, 2, 5715, 2240]]
[298, [9674, 278, 3653, 1968, 1016, 1820, 4793, 3173, 4997, 5000, 2282, 5772, 8284, 7677, 843, 352, 9533, 2288, 321]]
[299, [7252, 3744, 8813, 9857, 2596, 3010, 9061, 7673, 8584, 4943, 2393, 207, 3163, 8920, 427, 7652, 7762]]
[300, [9179, 6625, 4714, 2438, 3569, 8840, 5597, 8690, 6621, 6908, 8235, 7253, 4861, 3516, 6331, 6464, 8487, 7210, 3074, 4400, 3240, 1429, 3877, 7762, 2]]
[301, [6902, 3019, 3636, 383, 8798, 3881, 482, 6373, 9988, 5543, 4326, 2685, 365, 4035, 5099, 7266]]
[302, [6112, 6176, 8411, 9860, 3433, 1573, 2350, 4026, 1145, 5146, 1872, 9533, 2240, 8880, 30, 4647, 3163, 1668, 3012, 3877, 1105, 9270, 8406, 2986, 321, 3894, 6938]]
[303, [681, 5320, 7092, 8697, 7869, 4341, 82, 8619, 8360, 6926, 4269, 6889, 7429, 3432, 3753]]
[304, [119, 5128, 604, 8938, 2071, 4889, 1819, 2527, 3725, 7960, 412, 1216, 5962, 321, 7153]]
[305, [9690, 1440, 3565, 4666, 3131, 3706, 3125, 8862, 3555, 4412, 4420, 3672, 2345, 2409, 3936]]
[306, [5748, 9716, 3470, 7813, 6841, 4713, 4330, 6137, 1501, 3008, 9272, 3188, 508, 4660, 84, 5966, 9930, 4129, 8005, 3877, 3316, 2555, 935, 3103, 5880]]
[307, [6584, 6544, 9311, 7433, 7061, 2694, 6390, 8821, 8298, 3336, 469, 730, 2202, 1086, 3153, 9755, 5466, 4941, 6141, 8439, 6270, 9260, 7949, 6938]]
[308, [8357, 2859, 359, 8560, 4066, 7154, 6876, 7928, 1301, 2674, 665, 8140, 4188, 8195, 6903, 8130, 3877, 3012]]
[309, [6792, 171, 8087, 6453, 3241, 7166, 382, 9802, 6237, 1868, 4536, 457, 7003, 9197, 7350, 7023, 5783, 4828, 1299]]
[310, [4570, 5490, 3242, 4347, 9901, 6575, 6655, 3624, 8309, 7886, 7569, 2008, 2915, 3395, 8812, 2288, 2240]]
[311, [315, 6758, 3090, 4273, 1960, 865, 7203, 7902, 8346, 9917, 6057, 4433, 5868, 6362, 1043, 6270, 9224, 6134]]
[312, [8933, 4557, 1443, 4428, 1869, 7280, 5140, 8896, 1981, 4071, 2211, 2959, 3359, 3269, 3894, 6699, 9722, 574, 5715, 2555, 1454, 3077, 9834, 3936]]
[313, [1393, 2678, 2832, 3290, 3263, 4029, 2411, 2984, 6321, 6361, 699, 6668, 6458, 7151, 5784, 1025, 8068]]
[314, [7687, 9651, 8232, 8794, 295, 1408, 2521, 2186, 7014, 4191, 2307, 5064, 2074, 7929, 1329, 753]]
[315, [5394, 7621, 958, 2725, 4277, 9569, 2267, 4101, 7513, 3990, 1477, 9167, 145, 7266, 8832, 3936, 1668, 2240, 5507]]
[316, [2134, 7167, 6682, 6620, 6063, 2459, 9281, 6702, 5886, 1580, 7120, 5893, 9490, 3303, 6935, 9299, 2892, 6537, 108, 9007]]
[317, [8022, 1842, 5297, 5729, 5142, 7782, 7730, 9894, 1078, 3172, 1702, 8686, 9777, 7012, 3830, 6613, 979]]
[318, [6414, 1756, 3148, 4878, 4063, 7106, 6966, 4694, 4626, 5706, 1016, 271, 3879, 2533, 5247, 979]]
[319, [5046, 3135, 3420, 4261, 615, 1865, 6351, 8365, 8541, 6199, 5696, 267, 7202, 4619, 8908, 7709, 2240]]
[320, [2147, 3147, 2002, 7421, 7358, 976, 9403, 5243, 8473, 4911, 8912, 9137, 397, 5677, 3507, 4501, 1625, 9007]]
[321, [4001, 8586, 3614, 2105, 6, 7191, 5579, 9244, 9934, 9550, 3520, 2288, 232, 4728, 1134, 2962]]
[322, [4601, 7397, 512, 6477, 8441, 6413, 6556, 336, 1691, 493, 4089, 7775, 1607, 5095, 3111, 745, 6817, 9533, 8491, 79]]
[323, [6743, 6118, 7440, 693, 9073, 9193, 9810, 8620, 4885, 5218, 5767, 9301, 3982, 5715]]
[324, [141, 243, 8534, 1160, 1414, 7520, 4187, 6315, 7741, 2597, 8722, 2060, 4151, 4784, 7791, 9075, 5064, 4314, 935]]
[325, [3054, 8030, 8688, 7229, 7657, 401, 9631, 7011, 6274, 3408, 9641, 6047, 7053, 4539, 3144, 6584, 7699, 3012]]
[326, [1796, 973, 1644, 7689, 5335, 6915, 9259, 858, 4780, 6651, 6921, 1686, 1676, 6770, 198, 4768, 6049, 5848, 5458, 4035, 427, 5412]]
[327, [8763, 2972, 5338, 9701, 1248, 3010, 3496, 6847, 2830, 3031, 2055, 8564, 4276, 4269, 6134, 7883, 3935, 9930, 2870, 412, 2288]]
[328, [7904, 6212, 8346, 5006, 9600, 4639, 3747, 8457, 9754, 855, 6443, 1554, 6922, 7337, 270, 7919, 7762, 9197, 9968]]
[329, [2270, 1336, 4049, 7567, 1428, 4649, 3232, 3956, 7248, 7051, 8894, 2805, 2114, 3673, 6049, 6692, 3012]]
[330, [9988, 7669, 9430, 942, 913, 273, 7580, 8952, 8316, 5881, 8593, 979, 6021, 79]]
[331, [5363, 115, 9445, 4844, 6686, 5996, 486, 8944, 1153, 9368, 6210, 5206, 2768, 8922, 9270, 2555]]
[332, [7381, 1068, 8849, 7056, 2498, 2944, 778, 3372, 3472, 6537, 8193, 3936, 8812, 9129]]
[333, [8991, 5064, 9707, 5283, 4329, 1508, 8482, 1541, 3975, 6361, 9184, 4011, 7044, 5768, 6014, 5340, 935, 3982, 2]]
[334, [4455, 8951, 7632, 7469, 2097, 6720, 501, 5819, 1782, 178, 4191, 3991, 8883, 3371, 7744, 352, 2962]]
[335, [3544, 7761, 8544, 649, 1496, 6920, 3719, 502, 8015, 9658, 9676, 1847, 3684, 4639, 4855, 3757, 2437, 7240, 9545, 321]]
[336, [4776, 8544, 1484, 9263, 2501, 3803, 9937, 7041, 7770, 9318, 9476, 4624, 7949, 2]]
[337, [4601, 5978, 7874, 2841, 8522, 4545, 1050, 281, 4421, 7374, 2259, 3683, 780, 1216, 7120, 369, 2962, 79, 2240]]
[338, [4128, 3264, 9409, 1231, 647, 2526, 6860, 4340, 3758, 9992, 9895, 2125, 4282, 8014, 8417, 689, 4625, 3379, 5270, 5962, 9842, 7883, 5064]]
[339, [594, 4127, 4121, 657, 2401, 6754, 1059, 7946, 5565, 2960, 5368, 5885, 5531, 6785, 1105, 9533, 9968, 321]]
[340, [2618, 4986, 3494, 4556, 1766, 8809, 5832, 8928, 2616, 4227, 5910, 2992, 2662, 8599, 7438, 6054, 6021, 9968, 2]]
[341, [2950, 2833, 9057, 311, 695, 9771, 7759, 2670, 1497, 557, 6316, 7122, 1576, 527, 1979, 3830, 6258, 2240, 8994]]
[342, [9848, 6116, 548, 734, 3755, 9509, 4149, 9927, 6757, 8594, 629, 2212, 2768, 4170, 7285, 3877, 79]]
[343, [6524, 571, 7902, 8487, 9397, 7731, 8491, 4384, 172, 4544, 1497, 8088, 2511, 2209, 6053, 412, 6938, 2962]]
[344, [9409, 1902, 4881, 7665, 9638, 8181, 5038, 6514, 7555, 9254, 4504, 6008, 6082, 642, 9426, 7791, 1831, 2904, 468, 5412]]
[345, [9890, 757, 503, 8690, 3739, 7370, 8862, 7722, 4297, 8561, 2236, 3454, 6184, 6635, 5880, 935, 2288]]
[346, [978, 900, 2278, 1354, 7651, 3407, 4024, 1968, 3432, 4998, 5843, 2469, 3285, 7713, 8125]]
[347, [2065, 8465, 808, 1949, 5523, 8271, 6050, 3546, 7216, 5590, 1105, 7782, 7179, 3936, 79]]
[348, [9681, 7399, 9445, 1335, 4907, 8149, 4829, 7919, 2531, 8960, 2921, 200]]
[349, [8977, 5465, 3414, 3993, 513, 1088, 7168, 8182, 2958, 2932, 3470, 3800, 9997, 130, 5194, 4199, 3144, 5962, 1668, 6938, 2]]
[350, [121, 30, 5756, 2956, 2760, 1063, 4610, 9446, 7006, 4451, 7053, 676, 5660, 5432, 5149, 847, 6955, 518, 5715]]
[351, [1158, 2067, 2597, 3503, 3220, 3206, 9393, 2285, 8176, 7001, 8965, 2917, 9197, 321, 9244, 2240]]
[352, [3242, 7139, 7570, 3551, 3459, 3095, 1733, 8917, 9514, 321, 7652]]
[353, [7151, 1158, 7104, 1321, 5317, 4120, 3736, 8435, 5676, 6416, 1117, 638, 3894, 4679, 2986, 2240]]
[354, [2717, 4301, 2976, 4320, 3335, 5153, 4126, 4716, 6812, 9176, 506, 8134, 8069, 79, 2962]]
[355, [6791, 3212, 2004, 8128, 2837, 7380, 2960, 382, 7392, 7541, 8041, 733, 5163, 3703, 6547, 3936, 7949]]
[356, [5633, 9777, 6691, 7501, 9137, 9049, 9022, 3309, 6594, 1536, 1712, 7709, 5755, 250, 2569, 557, 838, 7266, 6327]]
[357, [2363, 3261, 1249, 4990, 331, 7639, 2715, 1245, 4915, 8257, 286, 5632, 8671, 4626, 8994, 2, 5715]]
[358, [3614, 1702, 4699, 6863, 2899, 5958, 3898, 8044, 8023, 842, 8897, 3820, 1252, 205, 1763, 2555]]
[359, [4966, 2238, 2498, 9916, 2515, 4928, 9068, 8232, 5574, 3005, 2168, 2666, 1534, 8994, 5748]]
[360, [3873, 559, 723, 602, 4842, 3514, 3310, 2080, 9369, 8496, 7425, 3969, 8982, 6044, 8387, 1668, 2288, 2240]]
[361, [5761, 1944, 7319, 4341, 5735, 3822, 3107, 8227, 1233, 3638, 5510, 5453, 4108, 2923, 5715, 427]]
[362, [5609, 4193, 3389, 2389, 9395, 6298, 5352, 5578, 919, 1563, 8387, 9510, 9043, 8066, 8368, 7788, 6765, 6895, 79, 9244, 3144, 2962]]
[363, [6315, 3118, 2069, 3303, 1355, 2443, 3360, 8691, 6043, 2717, 6305, 4824, 3894]]
[364, [4302, 2057, 1070, 3593, 2373, 6039, 7999, 6051, 1831, 8643, 1071, 3154, 5194, 4181, 3981, 1246, 5715]]
[365, [3587, 3343, 4293, 9322, 4606, 1982, 8260, 2000, 7432, 4533, 9002, 3541, 7960, 1628, 3032, 79, 2240]]
[366, [6172, 397, 6238, 3447, 8029, 4759, 9263, 4263, 3515, 8161, 2518, 7883, 9930, 8594, 2121, 9968, 4035]]
[367, [2605, 7563, 8390, 9707, 9326, 7717, 4797, 9380, 5885, 36, 3108, 1826, 3377, 321, 2121, 5962]]
[368, [3425, 7, 7585, 1134, 6343, 6912, 3884, 339, 1918, 831, 8190, 9283, 8982, 4619, 4657, 1299, 1329, 3792, 6765, 652, 569, 5412, 3586, 7240, 5715]]
[369, [2615, 3499, 7991, 7329, 4292, 1933, 9107, 2453, 1936, 6125, 4416, 2901, 7163, 9684, 5748, 4107, 7153, 5715]]
[370, [8974, 1402, 3466, 6979, 3713, 7553, 6395, 7235, 5547, 9451, 8265, 3740, 673, 7710, 6049, 2288, 427]]
[371, [1436, 1737, 4395, 2768, 7655, 3228, 3402, 2002, 3662, 3544, 2699, 7568, 4985, 7858, 9483, 6712, 2155, 8663, 2555]]
[372, [4619, 6260, 6969, 6274, 7683, 9377, 7637, 7902, 7416, 8556, 1706, 8725, 2105, 6119, 1353, 3074, 3894, 6778, 5507, 7709]]
[373, [4972, 1301, 6357, 8495, 2107, 4112, 8186, 3138, 905, 8782, 9812, 1489, 5359, 7438, 1979, 8934, 7883, 79]]
[374, [277, 5847, 3589, 5147, 7123, 4919, 4472, 9420, 5899, 7618, 8092, 7456, 7153, 5962, 9968, 4199, 1534]]
[375, [886, 2820, 1248, 3089, 9010, 4837, 5049, 2958, 4526, 1567, 5577, 9082, 2793, 569, 7949]]
[376, [410, 3701, 9330, 2747, 4150, 3795, 2942, 2377, 5243, 104, 1458, 8354, 867, 863, 9533, 3032, 79]]
[377, [1401, 9620, 5648, 8133, 8956, 7733, 8078, 315, 3353, 9931, 2082, 435, 221, 1728, 3521, 8579, 5340, 7219, 8491, 1774, 6613, 5962]]
[378, [4347, 5093, 9535, 3777, 2221, 3852, 1681, 7417, 8106, 6712, 8445, 3050, 2555]]
[379, [3412, 1250, 7810, 933, 8361, 5819, 5681, 8080, 7119, 8174, 5307, 2892, 5962, 2962]]
[380, [8217, 7551, 7230, 6644, 1329, 7639, 3940, 5178, 9576, 4979, 2403, 545, 1969, 400, 4812, 1223, 6427, 5322, 7179, 7852, 3982, 7234, 8711, 9968, 3894, 4314, 7153, 7762, 79]]
[381, [7155, 4271, 4515, 5912, 5566, 5438, 3028, 3168, 1706, 1964, 2306, 1956, 5961, 9270, 1711, 6170, 5715, 420, 5458, 2240]]
[382, [5091, 9871, 1768, 4191, 1350, 2098, 7707, 1232, 7864, 8130, 1163, 6785, 6467, 7438, 8116, 5748, 9244]]
[383, [7848, 2498, 1180, 8451, 2455, 7412, 1075, 6989, 652, 7087, 9439, 7710, 6404, 3877, 2, 2240]]
[384, [6646, 7357, 8870, 6416, 2643, 2110, 9100, 9112, 1995, 871, 8931, 7950, 2591, 4728, 3792, 8994, 7699, 2288, 6938]]
[385, [8645, 5890, 4056, 7261, 6649, 9894, 6644, 6704, 4840, 5188, 3798, 3830, 6613, 3371, 3023, 9968, 8125]]
[386, [4320, 3270, 3175, 4810, 9257, 6708, 9391, 9424, 2692, 816, 5006, 1430, 7216, 2414, 8062, 6067, 7845, 2555]]
[387, [2282, 391, 8562, 6928, 3606, 1657, 7384, 7056, 2484, 705, 8370, 2608, 5215, 7604, 9008, 1710, 1670]]
[388, [6594, 8011, 7487, 5578, 1131, 485, 5372, 1603, 2932, 7226, 9733, 6454, 4692, 1498, 9533, 9615, 1774]]
[389, [6042, 7741, 7319, 981, 5605, 2485, 3361, 5501, 4307, 2664, 5627, 5662, 8856, 6458, 7296, 8470, 7949, 6938]]
[390, [2567, 4296, 698, 3914, 119, 4685, 9437, 4830, 7185, 6424, 3533, 6613]]
[391, [7230, 5379, 921, 2655, 4516, 6507, 751, 4668, 7234, 2558, 7560, 5615, 5127, 4470, 4156, 9040, 3835, 583, 9968, 321]]
[392, [831, 151, 9806, 1729, 6133, 3698, 464, 1064, 1313, 6982, 9224, 5838, 5715, 2240]]
[393, [6092, 1777, 9625, 2301, 9763, 4413, 6036, 7034, 6841, 8617, 4043, 2240, 2, 79, 5715]]
[394, [6464, 773, 8125, 6367, 8898, 3775, 2237, 1788, 7088, 7391, 8484, 9039, 764, 6781, 7859, 1137, 8491, 5326, 2340]]
[395, [7654, 9578, 3444, 3376, 3901, 5344, 9699, 6956, 3280, 8679, 4541, 8134, 1840, 6082, 1134, 9545, 427, 2240]]
[396, [8593, 7845, 780, 7457, 9985, 3592, 1376, 6999, 5164, 4748, 2835, 7773, 6477, 9600, 1889, 6458, 7751, 7949, 7153, 321, 2962, 7652]]
[397, [5089, 1200, 4996, 4673, 4681, 6283, 9866, 3447, 3156, 6778, 1145, 3371, 6613, 6672, 8116, 2, 3074, 9533]]
[398, [8563, 762, 2928, 8955, 3537, 4995, 1922, 4652, 1177, 7024, 202, 792, 7069, 8227, 732, 8406, 2240, 79]]
[399, [5727, 5749, 1654, 362, 232, 4705, 3282, 4750, 2757, 5481, 9173, 3694, 8102, 6331, 1429, 3074, 4765]]
[400, [8781, 2528, 9383, 1862, 8831, 7493, 2941, 2495, 6496, 9758, 8134, 7883]]
[401, [2661, 1822, 4815, 8670, 4972, 7257, 9395, 4548, 5634, 5431, 6530, 252, 3921, 8937, 22, 4282, 3513]]
[402, [1467, 4625, 2713, 8303, 2052, 7814, 3469, 3677, 6077, 9894, 5930, 7105, 6054, 9968, 8491, 427, 2962, 2]]
[403, [8572, 2656, 839, 657, 105, 5755, 498, 6995, 1939, 5270, 8409, 135, 6129, 2240, 7949, 3012, 4176, 2]]
[404, [7531, 8423, 5130, 4893, 6643, 5014, 2298, 5854, 9496, 8964, 9896, 6019, 425, 7008, 225, 936, 2433, 2, 7153, 5962]]
[405, [5011, 1868, 5895, 7320, 6809, 4121, 6219, 2894, 5214, 5780, 5928, 1153, 1101, 2496, 6487, 6099, 7851, 979, 6863, 3355, 5463, 8343, 9720, 2972, 238, 7240, 8644, 8994, 321]]
[406, [4874, 8654, 2289, 4204, 4564, 8945, 9451, 8072, 4320, 9008, 3877, 3012, 427]]
[407, [6449, 2031, 4299, 6653, 836, 8410, 4701, 9371, 8577, 7166, 921, 1137, 6541, 5768, 7902, 4199, 9834, 6692, 3894, 321]]
[408, [5376, 8265, 9704, 2526, 0, 3509, 8888, 3208, 7778, 3395, 6704, 4406, 1546, 5193, 7055, 8716, 7120, 3877, 4199, 7153]]
[409, [4547, 7219, 8557, 9972, 9129, 5251, 9449, 5755, 735, 4304, 3142, 5069, 6183, 7013, 3074, 2555]]
[410, [8492, 8555, 3923, 749, 3373, 8671, 170, 6352, 1587, 6925, 342, 8981, 3066, 374, 1117, 2962, 8711, 1774, 6613]]
[411, [475, 2993, 9438, 4397, 4207, 2784, 6010, 2125, 901, 5242, 1761, 8024, 9275, 8580, 7413, 5825, 5715, 8644, 7153]]
[412, [2986, 8173, 4903, 6628, 232, 6801, 8363, 7310, 9099, 238, 1173, 9754, 2723, 6729, 6778, 8644, 1149, 3758]]
[413, [9318, 6417, 1356, 1003, 1177, 6054, 5405, 9210, 6863, 8763, 8469, 2150, 5909, 4385, 6778]]
[414, [8916, 8786, 7507, 8164, 4895, 6146, 2620, 8480, 8912, 1125, 1871, 6547, 321]]
[415, [2521, 7493, 5034, 9364, 5756, 9073, 9131, 5613, 4879, 8881, 1985, 7353, 3326, 7575, 9199, 5783, 5962, 9007]]
[416, [6444, 4939, 6931, 3732, 8574, 8713, 1926, 1365, 6694, 8079, 4733, 2042, 4104, 1986, 2340, 8716]]
[417, [9811, 8542, 6442, 5280, 3582, 1785, 7578, 6034, 2557, 9085, 3596, 9443, 979, 79]]
[418, [5982, 1988, 9951, 315, 6107, 4825, 790, 9475, 9377, 9138, 979, 5715]]
[419, [6842, 9872, 8795, 8915, 6029, 9298, 1483, 7431, 3136, 336, 2053, 6046, 7929, 1105, 6184, 1256, 7087, 6613, 1625, 2121, 7153]]
[420, [3723, 1759, 5110, 1683, 6841, 8013, 9896, 8954, 2611, 1746, 5533, 9916, 1051, 321, 8728, 7219, 9404, 3032, 935]]
[421, [5264, 6972, 7892, 5806, 2073, 2559, 8341, 5634, 2072, 4699, 6173, 5277, 6545, 7204, 1900, 2962, 8994, 2986, 79, 2, 7949]]
[422, [6150, 260, 616, 7574, 7275, 8581, 3843, 2332, 9120, 6274, 5043, 5092, 9379, 3292, 1601, 6101, 2, 5880, 5715]]
[423, [3680, 203, 4638, 463, 3750, 824, 9937, 9365, 4288, 7299, 4310, 1058, 7120, 8994, 2240, 6938, 427, 2962]]
[424, [2930, 1501, 7367, 8276, 6959, 205, 6756, 3035, 2594, 2870, 3161, 2596, 8431, 7079, 4958, 5715]]
[425, [6978, 2704, 7946, 882, 7156, 9138, 1650, 4407, 5955, 5886, 1515, 1444, 192, 1932, 7296]]
[426, [8654, 3154, 4456, 3733, 1843, 9955, 9978, 5536, 5888, 5362, 4431, 6625, 7393, 9007]]
[427, [4350, 6833, 114, 5220, 7973, 2936, 8031, 3499, 4979, 7633, 6715, 6152, 6765, 2892, 9265, 5437, 3012]]
[428, [7820, 1422, 1404, 95, 8083, 9680, 6923, 9908, 1013, 3290, 4793, 5658, 1081, 6415, 8994, 3012]]
[429, [3689, 8759, 8349, 9508, 7012, 1063, 6333, 3011, 8073, 3647, 2480, 139, 5095, 6584, 6547, 3936, 935, 6938]]
[430, [3419, 6013, 930, 2069, 1144, 9199, 6461, 5111, 1548, 5891, 2887, 1209, 3146, 7435, 3557, 8134, 5095, 8722, 8663, 1125, 3758, 6030, 2, 6613]]
[431, [9507, 7338, 2793, 8486, 650, 654, 7846, 2774, 6105, 2824, 4053, 4726, 6939, 8179, 1784, 5752, 6672, 5715, 9968, 2240]]
[432, [6398, 1586, 7670, 7451, 8006, 2111, 317, 7129, 5534, 670, 5523, 9548, 3629, 3383, 427, 7880, 9007]]
[433, [9400, 4700, 2462, 4889, 2892, 3871, 2311, 3096, 6742, 854, 3259, 1465, 9014, 5848, 951, 8284, 5748, 7120, 745, 7153, 2666, 2288, 2986, 79]]
[434, [9510, 6285, 5832, 1953, 187, 9639, 4902, 121, 7775, 7742, 9361, 2986, 1668]]
[435, [6751, 3083, 4647, 4332, 9002, 7456, 3830, 5439, 3952, 6310, 2668, 9698, 2962, 9533, 321]]
[436, [4552, 5344, 4312, 9524, 3800, 3898, 7273, 3310, 2349, 8671, 8130, 3894, 7652]]
[437, [6752, 79, 4663, 5309, 3811, 4409, 6215, 1531, 8368, 7735, 3575, 9994, 1270, 3080, 2870, 8235, 5483, 5099]]
[438, [7080, 9828, 4650, 8813, 7022, 7128, 5833, 1754, 8148, 4836, 3012, 2900, 311, 3543, 1871, 3894, 8491, 9007]]
[439, [8379, 3172, 9964, 6272, 2686, 879, 9851, 6632, 3383, 3371, 559, 4514, 1590, 7367, 3894, 2]]
[440, [9952, 4250, 8709, 6671, 5945, 5260, 312, 5968, 6780, 1957, 3512, 6071, 8125, 6049, 3894, 7762, 5962, 2288]]
[441, [732, 2575, 6506, 4395, 668, 2040, 1180, 5638, 5673, 5996, 9270, 8286, 5502, 3936, 9349, 7266, 6938, 5880]]
[442, [6909, 669, 6411, 6408, 4803, 4679, 3137, 7819, 1060, 6003, 5077, 7267, 3679, 4211, 1911, 6415, 7379, 3074, 5748, 2643]]
[443, [7398, 5046, 7804, 2536, 662, 2492, 4827, 8830, 9050, 9265, 4326, 3877, 5880, 6613, 427, 9129]]
[444, [1070, 7522, 3428, 7405, 1346, 4182, 6016, 5648, 7278, 6849, 7330, 2650, 9903, 3163, 4901, 2962]]
[445, [7825, 3793, 1957, 4693, 3488, 8875, 4967, 3049, 6351, 2129, 6531, 7454, 412, 7012, 569, 4027, 6030, 6613]]
[446, [314, 2313, 4178, 9415, 6538, 6752, 875, 5624, 3179, 4348, 190, 3593, 5098, 3541, 7883, 7652, 5762, 1774, 8387, 5340, 4035]]
[447, [131, 2410, 1012, 9199, 536, 6652, 2063, 3112, 9593, 4667, 9630, 5386, 4020, 9615, 1083, 7852, 1750, 935, 7153, 2555, 2962]]
[448, [2669, 823, 3307, 5797, 7445, 1939, 2238, 510, 4948, 1634, 4115, 2910, 9023, 7960, 5848, 79]]
[449, [286, 1212, 1547, 8647, 4180, 142, 3510, 149, 9466, 6363, 3004, 3289, 8058, 9354, 7481, 979, 9842, 3783, 5715]]
[450, [9893, 7609, 3839, 6731, 2743, 2045, 2052, 8537, 1166, 9744, 1299, 9043, 9139, 7864, 4020, 9990, 1984, 7699, 8994]]
[451, [3446, 3687, 3449, 7801, 4711, 19, 1047, 5047, 6516, 3964, 4035, 5962]]
[452, [489, 2276, 8928, 4894, 216, 5645, 1435, 3719, 4481, 6763, 5234, 4107, 7852, 8462, 3894, 2962]]
[453, [6017, 2292, 9199, 4369, 1217, 5271, 2087, 6838, 2497, 3001, 1312, 5920]]
[454, [9221, 2830, 8136, 5180, 137, 1863, 3801, 710, 375, 7692, 5816, 9453, 912, 9933, 5219, 7153, 8994]]
[455, [3074, 6128, 3734, 2799, 1411, 850, 3288, 4271, 4377, 7169, 2112, 9296, 1523, 2913, 453, 4501, 7864, 2]]
[456, [2034, 4852, 5430, 6900, 304, 8367, 415, 7394, 6085, 9295, 3585, 4269, 9930, 5412, 5752, 3012, 5962, 2240]]
[457, [2163, 9565, 9469, 8198, 3514, 4650, 8404, 3779, 7924, 6225, 8269, 4176, 951, 2986, 1647, 4314, 427, 2962, 2288]]
[458, [8866, 1660, 876, 5673, 6561, 4676, 1259, 315, 5341, 1147, 7138, 826, 2704, 4624, 5340, 5748]]
[459, [8800, 6243, 7999, 5612, 3913, 4181, 3956, 2063, 9843, 81, 3386, 3758, 9347, 3982]]
[460, [8438, 3504, 2389, 5004, 5447, 5179, 3541, 8202, 7245, 5164, 3458, 9348, 467, 1552, 838, 427]]
[461, [1726, 8051, 8064, 8439, 8165, 77, 871, 5923, 5409, 1437, 9708, 9211, 9129, 4801, 4901]]
[462, [5427, 6008, 2985, 4735, 2155, 1080, 3771, 4993, 51, 8153, 3963, 5801, 4361, 4855, 7762]]
[463, [74, 6590, 396, 9113, 1382, 9542, 2937, 3437, 8248, 2791, 9659, 4504, 7093, 8716, 4199, 2962]]
[464, [1718, 4623, 6002, 1159, 2501, 7393, 6183, 2471, 1668, 1289, 1579, 1429, 5457, 3077, 7519, 6467, 79, 5715]]
[465, [2547, 8440, 2997, 3170, 9046, 4071, 5904, 2132, 5312, 9253, 709, 7725, 9008, 3207, 2643, 6332, 5322, 6547, 6938]]
[466, [4312, 3839, 4771, 2904, 4275, 2734, 4162, 4797, 1941, 9288, 9705, 2159, 7082, 3468, 3758, 4660, 5412, 427, 7699]]
[467, [7611, 739, 1497, 2539, 7835, 917, 4303, 1398, 3410, 9440, 7949, 8579, 2555, 7883, 5715]]
[468, [3122, 2227, 3030, 3272, 1205, 8465, 8801, 9989, 145, 6759, 3463, 777, 1847, 4285, 8503, 221, 4765, 6060, 8644, 2643, 3894, 3936, 5715]]
[469, [4142, 3799, 8217, 3720, 7615, 6912, 5441, 2863, 1195, 961, 3601, 8478, 2698, 2157, 6945, 973, 9464, 2013, 2962, 6613, 5748]]
[470, [3415, 3808, 6569, 8690, 840, 6911, 1942, 2585, 405, 5226, 366, 3579, 221, 673, 9013, 4765, 46, 2155, 7732, 2]]
[471, [3931, 5322, 6484, 1165, 4571, 3587, 5797, 6038, 2980, 3237, 8635, 4442, 2341, 1216, 4901]]
[472, [4232, 323, 1336, 704, 1716, 8366, 2938, 5240, 1182, 252, 8793, 1305, 9619, 588, 1079, 6938, 56, 6534, 7296, 3012]]
[473, [3334, 5225, 4781, 8426, 6178, 6289, 7000, 1602, 8784, 9451, 7827, 4437, 843, 1289, 4855, 6021, 7517, 2643, 7883, 6938, 5715]]
[474, [8662, 7395, 9688, 3106, 3877, 8144, 9270, 8556, 5224, 6637, 5653, 5168, 5099, 4586, 5435, 3035, 9349, 406, 1465, 9586, 3936, 3144, 2986, 2962]]
[475, [4824, 4825, 5000, 9271, 929, 5388, 126, 9464, 363, 9609, 8187, 3666, 3937, 6595, 2327, 200, 9930, 5437, 5543, 1105]]
[476, [2778, 4238, 1310, 4667, 1771, 4827, 7828, 5849, 1848, 6122, 1260, 9952, 4478, 8495, 7997, 6538]]
[477, [8055, 8567, 8172, 2270, 3034, 2649, 4386, 622, 6398, 2446, 947, 5636, 9798, 575, 1058, 3728, 420, 2]]
[478, [1328, 7389, 2345, 2602, 870, 446, 3845, 4052, 5944, 3952, 1646, 3731, 1934, 8896, 3877]]
[479, [3462, 9489, 9408, 8808, 1883, 3748, 9496, 4524, 5193, 7551, 1424, 1786, 2986, 3877, 6534, 3830, 2288]]
[480, [8891, 5661, 405, 9980, 4259, 420, 3991, 8925, 8697, 5475, 9773, 324, 8240, 687, 5748, 5880, 9848]]
[481, [3710, 9449, 7057, 6429, 3744, 5051, 7988, 2530, 3555, 4259, 4685, 9842, 2986, 3012]]
[482, [1528, 237, 6402, 8282, 4840, 1509, 9008, 2255, 1971, 7707, 9408, 4986, 4378, 6327, 4352, 79]]
[483, [3878, 9187, 9062, 4759, 33, 1213, 5086, 3317, 8997, 4833, 6083, 8600, 7320, 9615, 7652]]
[484, [6711, 9115, 2887, 9469, 1494, 7116, 7184, 301, 2570, 8994, 3218, 5462, 8579, 9464, 7204, 719, 3869, 3074]]
[485, [9033, 5511, 1114, 9974, 2585, 1259, 6388, 5829, 8078, 5163, 9720, 6827, 199, 7296, 4020, 2288, 6613, 6938]]
[486, [6355, 8012, 1137, 1935, 2097, 8957, 4781, 6800, 1879, 6545, 1231, 8359, 6628, 3240, 4957, 6600, 6534, 2555]]
[487, [5693, 4980, 8895, 4534, 8798, 5723, 2650, 1233, 3020, 2760, 6590, 1209, 8431, 8580, 8125, 9197, 321, 2240, 3936, 2]]
[488, [803, 476, 9276, 329, 8705, 6182, 5216, 7407, 6865, 3353, 5890, 277, 4352, 9545, 1557, 2555, 427, 2962]]
[489, [2429, 2483, 4966, 6735, 523, 6560, 2305, 5941, 7689, 2111, 6404, 3012, 5228, 8714, 4767, 5525, 5674, 79, 5715, 6938, 2]]
[490, [4892, 7001, 6713, 9797, 7610, 5517, 3778, 9310, 5338, 5068, 2260, 6538, 2962, 2986, 7762]]
[491, [9190, 5108, 7626, 9350, 2297, 2630, 1126, 4720, 5338, 528, 1943, 7080, 778, 3364, 9425, 116, 2986]]
[492, [3863, 7574, 3086, 395, 4241, 1122, 7522, 5160, 4262, 434, 5194, 5368, 9839, 776, 8519, 4527, 4622, 2962]]
[493, [1414, 4599, 3220, 8051, 9441, 6009, 7502, 9638, 6923, 8441, 5983, 9238, 4035, 321, 8994]]
[494, [9450, 6281, 5138, 5476, 5872, 9985, 8460, 4067, 2788, 2479, 8362, 2346, 9750, 5880, 5715, 2, 321, 3012]]
[495, [5743, 801, 4398, 8202, 4645, 3457, 6906, 673, 3422, 3747, 558, 9215, 3374, 457, 9988, 7709, 79, 5219, 2962]]
[496, [6853, 8311, 6814, 3163, 6121, 4352, 6762, 6709, 7914, 7219, 904, 4799, 3549, 1469, 8179, 6082, 7055, 5507, 2240]]
[497, [336, 2387, 1470, 753, 8147, 6280, 9411, 592, 3382, 5164, 3724, 4922, 2732, 8194, 9968, 5962, 2]]
[498, [822, 4046, 5273, 3017, 5086, 4955, 3060, 3468, 4573, 5958, 6863, 9174, 707, 4765, 1058, 780, 4664, 3371, 7153, 3982, 5715]]
[499, [3346, 1225, 1105, 5673, 4113, 6375, 7197, 1345, 5719, 5111, 4840, 8284, 2248, 7228, 935]]
