[0, [8207, 3372, 4594, 8838, 9917, 5562, 1389, 4498, 4850, 7743, 9590, 7384, 6081, 1830, 7688, 5185, 3276, 6161, 1489, 1935, 7974, 6739, 5960, 8241, 8287, 4955, 1205, 8357, 2324, 7504, 4660, 6604, 2060]]
[1, [5294, 1152, 1807, 6741, 9074, 6081, 8194, 7834, 9598, 9576, 7897, 6114, 2083, 3632, 5552, 3753, 3809, 4457, 7783, 3356, 605, 224, 7221, 3055, 6740, 5976, 4637, 7102, 4425, 6250, 8391, 9435, 1896, 9572, 7024, 2402, 138, 2848, 3756]]
[2, [3593, 7239, 5791, 6947, 5814, 6092, 620, 3721, 1828, 2756, 3459, 7113, 6000, 4727, 7169, 5861, 518, 8288, 4159, 6315, 8967, 2140, 6531, 5042, 3336, 8867, 5690, 4738, 1853, 9709, 1502, 6729, 7585]]
[3, [9865, 1922, 8138, 3875, 6624, 8150, 8525, 5509, 2042, 6009, 7910, 5980, 7713, 1865, 5655, 7206, 9385, 126, 4219, 8063, 4583, 8220, 989, 1894, 7386, 3382, 384, 1792, 5939, 7186, 4978, 3089, 3930, 6193, 6516, 7454, 4247, 5851, 6764]]
[4, [4661, 1298, 7881, 4274, 9920, 5239, 7471, 2500, 3101, 7532, 8140, 9241, 3780, 6953, 3436, 2630, 316, 7597, 9382, 4443, 4298, 8495, 4860, 7521, 613, 8375, 4613, 483, 8970, 9793, 5657, 4667, 9668, 7709, 5388, 7756, 6186, 1089, 8556, 7332, 3975, 1737, 6165, 2153]]
[5, [9443, 5366, 9285, 6954, 5581, 3294, 5013, 2353, 4831, 6571, 4061, 7984, 9018, 6802, 1377, 7692, 4242, 4436, 1399, 9297, 7629, 189, 1069, 9022, 7693, 3430, 9066, 3886, 1282, 1873, 9422, 6010, 7654, 6695, 7382, 2780, 9584]]
[6, [6320, 3, 3026, 1507, 7234, 1754, 6717, 3161, 9959, 7318, 3553, 3667, 7202, 6831, 2223, 7293, 268, 8924, 1199, 4383, 2278, 9195, 4930, 5378, 5231, 9114, 497, 3603, 4867, 9895, 7343, 5296, 6113, 6808, 4306, 1113, 4052, 7024, 2264, 7055, 6887, 1737]]
[7, [8767, 1237, 7713, 8434, 8212, 7603, 6134, 1830, 6439, 9168, 8289, 933, 7237, 6431, 2056, 6264, 4181, 729, 5764, 2945, 1703, 2557, 8708, 5402, 7189, 6742, 9422, 7345, 872, 9542, 8391, 8373, 2452, 1502, 468]]
[8, [8465, 6620, 5639, 8272, 5155, 7055, 2781, 1032, 9525, 125, 5742, 5395, 6289, 7218, 362, 4784, 8881, 5641, 6282, 6987, 4582, 418, 5486, 7831, 557, 447, 1171, 3786, 8263, 3787, 5882, 8534, 682, 1024, 3813, 2541, 4473, 7453, 8406, 7440, 4462, 1671, 5926]]
[9, [1029, 1712, 3408, 3971, 5184, 5564, 4945, 2507, 8686, 4213, 8628, 2747, 3392, 2838, 9530, 7176, 875, 7611, 5306, 9060, 8021, 3084, 4164, 6245, 6470, 7736, 1929, 8499, 1675, 8406, 1077, 4982, 708, 5985, 7007, 1290]]
[10, [4263, 4844, 839, 239, 6074, 5909, 5936, 539, 3879, 4904, 5107, 5821, 9783, 6595, 183, 7398, 521, 3294, 2878, 5230, 3053, 496, 6920, 5095, 7573, 1009, 8073, 9761, 2411, 6459, 3462, 5559, 5132, 1376, 5072, 1119, 3097]]
[11, [6749, 2512, 9521, 2794, 4338, 4387, 5336, 7677, 9875, 9834, 1153, 1613, 6102, 6964, 9299, 9873, 6582, 8340, 2457, 9409, 8714, 8959, 4558, 6128, 8820, 4501, 8945, 7887, 8427, 3879, 6031, 54, 5461, 5096, 4347, 6222, 4424, 1149, 7846, 5446, 3461, 1927, 480, 3182]]
[12, [5884, 4079, 1186, 4633, 817, 7326, 8282, 9830, 9536, 1979, 6699, 1107, 5926, 7095, 6005, 880, 1322, 8316, 5931, 7859, 8944, 235, 2104, 6287, 6360, 5361, 3249, 8762, 4077, 1498, 9865, 8722, 8663, 4822, 288, 6373, 158, 6668, 1604, 7624, 7242]]
[13, [6818, 3283, 7964, 812, 7126, 9672, 4222, 7465, 9104, 9559, 1633, 1790, 4292, 7733, 9654, 9604, 2188, 588, 7373, 5413, 1746, 2231, 7096, 6181, 4008, 6964, 6215, 4359, 9530, 1530, 4818, 8378, 9734, 3271, 3434, 8923, 968, 2591, 1671, 3975]]
[14, [7118, 6858, 197, 2303, 1807, 6948, 5793, 9519, 2257, 9390, 182, 8164, 3053, 5551, 2251, 1891, 693, 4164, 4313, 9391, 1254, 699, 2333, 7956, 645, 1399, 7595, 1, 1884, 4063, 5720, 6417, 5774, 5350, 6484, 5716, 7984, 5599, 8594, 1809, 8556]]
[15, [9286, 9611, 3642, 9302, 373, 8046, 7299, 5512, 5699, 8452, 8628, 6517, 9518, 9578, 9139, 9275, 7714, 8205, 8545, 6519, 1698, 7411, 9364, 9817, 4606, 5070, 4212, 2639, 687, 5994, 3294, 1594, 718, 8132, 2492, 7068, 528, 4570, 3429, 751, 713, 7514, 8458]]
[16, [1302, 7410, 4675, 5681, 2438, 251, 4244, 3905, 5226, 2867, 3618, 3749, 6678, 2095, 3116, 3428, 191, 299, 1171, 9341, 214, 4101, 3707, 180, 7326, 637, 6958, 735, 1386, 9134, 1494, 1251, 3242, 2076, 1737, 1671]]
[17, [4183, 2515, 473, 7942, 390, 8785, 119, 1538, 7078, 2965, 3515, 3915, 5624, 8905, 1522, 2787, 4112, 4067, 1902, 4267, 2741, 9811, 5260, 9224, 1916, 1239, 6521, 7427, 1045, 8111, 6449, 126, 1315, 867, 3975, 6049, 5921, 2060]]
[18, [5527, 9321, 6886, 6774, 1494, 740, 6496, 9291, 1431, 5290, 6584, 1302, 3872, 3965, 3009, 6917, 9056, 1597, 7818, 9731, 7470, 1943, 6558, 2266, 1525, 2591, 8944, 5999, 6555, 938, 8559, 948, 4475, 3849]]
[19, [6396, 6645, 7970, 6344, 9055, 8335, 6768, 7624, 2441, 7202, 4813, 340, 8185, 6355, 6289, 2962, 4851, 1557, 8941, 3234, 4436, 7654, 281, 4342, 2864, 7240, 7925, 6714, 7271, 1261, 5196, 5219, 8334, 9237, 3771, 8798, 8981, 7796, 2198, 332, 8867, 5921, 9387, 4349]]
[20, [6875, 1725, 9901, 856, 8272, 7439, 6505, 1853, 8979, 27, 4871, 5723, 147, 3131, 3807, 7816, 3884, 3308, 8551, 4818, 3092, 6689, 8296, 6556, 57, 1026, 1175, 7024, 287, 6716, 1463, 5737, 9523, 1139, 9604, 2725, 5260, 1334, 968, 1903, 7144, 7730, 8458, 3756]]
[21, [3057, 7826, 5054, 9813, 372, 6093, 9603, 7872, 3435, 8366, 8332, 1487, 7962, 8299, 2827, 2242, 9861, 6335, 7225, 5014, 8468, 733, 9409, 7302, 9929, 2629, 9439, 8380, 7980, 7248, 3883, 796, 4996, 8844, 6900, 4869, 404, 3583, 7450, 9584, 5921, 9709]]
[22, [3527, 216, 4911, 3636, 2176, 9096, 799, 4001, 3804, 7861, 742, 6939, 1321, 8364, 9600, 9827, 7881, 9035, 7789, 720, 7748, 6932, 5224, 6223, 7492, 561, 8063, 4436, 3349, 9514, 9031, 3463, 5370, 5755, 4822, 3416, 3733, 6459, 2651, 8564, 9584, 3244]]
[23, [7869, 50, 5587, 4555, 42, 1708, 7752, 8482, 623, 8847, 8320, 1553, 2654, 2318, 5822, 6319, 3402, 5052, 8091, 2562, 5272, 8310, 3461, 717, 9000, 9082, 5173, 4911, 3080, 2741, 1332, 9774, 290, 6656, 8867, 3410, 6698, 4171]]
[24, [851, 5009, 243, 6970, 4301, 1928, 4822, 7648, 6545, 7193, 6065, 4074, 1267, 9167, 7733, 6343, 2465, 4161, 7469, 5908, 3368, 446, 2100, 9282, 7751, 3623, 1897, 3708, 3971, 7315, 9422, 549]]
[25, [5381, 745, 7455, 1613, 7128, 2924, 94, 4563, 7325, 6499, 9643, 8972, 6713, 6371, 3284, 5524, 6165, 8458, 5486, 6317, 3820, 7008, 186, 8031, 219, 3779, 1843, 4445, 8227, 6407, 9311, 1171, 3931, 1814, 4517, 1632, 5499, 6604, 2848]]
[26, [4539, 9034, 3749, 8851, 3160, 6992, 1554, 8281, 6096, 3763, 5179, 2534, 7441, 2078, 8098, 726, 7044, 2573, 6358, 2893, 1203, 4673, 3180, 6485, 7226, 756, 8360, 8827, 3796, 9858, 269, 4301, 3422, 6786, 2075, 8686, 5489, 65, 4860, 3393, 7055, 859, 583]]
[27, [8996, 7685, 826, 4673, 1977, 7088, 8377, 1632, 7830, 4539, 2058, 2269, 5905, 7357, 4956, 7653, 9812, 9400, 4390, 6408, 1921, 1563, 2322, 4852, 6045, 4030, 9865, 4693, 2820, 496, 9267, 8309, 6371, 6281, 1747, 2212, 2936, 5685, 3639, 3854, 7542, 8863, 9559, 9365, 2264, 5921]]
[28, [2832, 3857, 6976, 6682, 3096, 2967, 2009, 2384, 1143, 5584, 9204, 5873, 609, 8613, 1947, 8350, 7407, 7133, 687, 7273, 5428, 9537, 7879, 1274, 8004, 6986, 134, 2427, 8828, 4503, 6473, 9709, 1737]]
[29, [6574, 7104, 1229, 5469, 4224, 5370, 7214, 8973, 9525, 7153, 6815, 7594, 9194, 3115, 3418, 2763, 7605, 8308, 2978, 5056, 8485, 332, 2661, 8978, 2191, 7740, 1227, 482, 7040, 8769, 6784, 7982, 4630, 1308, 4382, 1920, 510, 8792, 9877, 4810, 8084, 708, 3756]]
[30, [8092, 7137, 2112, 4869, 4256, 260, 2393, 9284, 9750, 6468, 6091, 3551, 1587, 1571, 8470, 516, 5442, 5449, 1417, 3349, 6740, 9445, 8599, 1820, 4221, 5446, 4257, 4328, 1904, 2501, 7183, 7294, 3953, 3057, 9709]]
[31, [4517, 7273, 6857, 5687, 3301, 3540, 4102, 6510, 6165, 72, 9140, 922, 99, 8868, 5114, 9255, 1851, 2903, 4672, 7021, 6701, 5250, 3223, 1879, 8301, 6110, 1979, 1182, 5551, 7384, 1554, 4198, 972, 6266, 782, 7055]]
[32, [5007, 6807, 4004, 7194, 3466, 3244, 1051, 4987, 6931, 3301, 9365, 4807, 6139, 315, 9963, 9978, 137, 6614, 6749, 103, 16, 1406, 6561, 4599, 6194, 9824, 9886, 2650, 8399, 2227, 7001, 1816, 4748, 7755, 1989, 2170, 2459, 1597, 873]]
[33, [6980, 3981, 2548, 8813, 1796, 3453, 2881, 4090, 2260, 6182, 6740, 1735, 9723, 4586, 3164, 8067, 3317, 2304, 584, 6097, 1284, 7124, 2221, 5426, 7643, 6240, 8463, 1194, 9337, 5069, 795, 8571, 6597, 7668, 5425, 6739, 3807, 4156, 356, 6484]]
[34, [9136, 6111, 3195, 9771, 180, 9202, 5511, 3338, 3939, 6212, 7260, 8013, 3217, 4813, 3585, 7799, 5299, 7441, 8798, 4193, 6721, 5372, 8721, 2199, 2687, 6629, 5541, 9080, 7742, 3415, 8624, 5685, 1020, 3327, 6247, 9619, 2449, 9554, 3196, 3870, 7450]]
[35, [2486, 9831, 6597, 6436, 582, 6267, 4647, 8267, 1580, 2602, 4897, 2754, 2176, 8263, 1404, 5240, 8993, 3522, 140, 6091, 5592, 4199, 6646, 6503, 1069, 737, 5157, 7632, 9710, 4862, 8286, 7501, 6304, 7055, 1263, 4714, 9709]]
[36, [3480, 5271, 4886, 2410, 4695, 1417, 951, 5299, 6896, 9936, 2106, 1188, 3085, 4001, 1313, 2355, 5415, 7544, 6428, 6724, 1450, 7212, 55, 8260, 9567, 4366, 9409, 682, 5583, 8097, 58, 8988, 909, 9517, 621, 3198, 3244]]
[37, [7703, 906, 4766, 4376, 3135, 3509, 1225, 8608, 1227, 2760, 8922, 5549, 6376, 4752, 5546, 6942, 2335, 9142, 1424, 6448, 9667, 7923, 3471, 6689, 1336, 981, 5454, 2975, 7451, 2000, 7216, 2545, 2492, 8218, 4023, 6979, 6179, 8080, 1310]]
[38, [2378, 3971, 9155, 2498, 6255, 8694, 2993, 3695, 581, 2354, 5168, 8335, 5355, 5868, 9078, 5602, 3878, 412, 2043, 392, 9615, 7647, 9081, 4524, 9618, 3015, 600, 571, 8749, 6624, 3391, 482, 5186, 583, 7450, 867]]
[39, [2200, 5534, 5715, 5127, 8064, 939, 179, 6427, 8056, 8348, 3239, 8375, 8389, 1093, 1024, 7205, 2774, 7206, 9550, 7499, 3789, 6826, 6045, 9975, 8110, 364, 567, 7965, 6673, 4621, 6038, 6337, 6141, 7007, 1480, 1324, 6097, 7024, 5789, 5685, 727]]
[40, [1238, 8319, 2915, 3775, 1959, 2157, 7137, 3743, 8579, 8424, 2610, 6904, 4773, 2747, 9589, 6781, 335, 9660, 7985, 2946, 1585, 7760, 2196, 5038, 9292, 1125, 5889, 361, 6630, 2123, 5875, 4693, 1766, 7850, 8508, 5862, 800, 3477, 7677, 1954, 5926, 4626, 3244, 3097]]
[41, [4518, 2320, 5373, 5393, 1309, 2164, 3581, 2148, 5932, 4942, 3724, 6752, 2242, 6467, 931, 9049, 2483, 6229, 1027, 3001, 5822, 9931, 2349, 5717, 1915, 6291, 8838, 2408, 1696, 3702, 656, 5935, 5172, 1232, 4206, 5990, 3756]]
[42, [6583, 8300, 9509, 8088, 3610, 8537, 3634, 5108, 4405, 2044, 781, 8736, 2408, 7242, 7706, 5637, 7990, 1168, 8651, 7939, 1373, 2592, 663, 1622, 3013, 1973, 6968, 5995, 9738, 8947, 5410, 4106, 7931, 1989, 9691, 1315, 3756]]
[43, [443, 8203, 9013, 1885, 5274, 1084, 9078, 4423, 9008, 1099, 9168, 8995, 7895, 8304, 6960, 3191, 8730, 7604, 3347, 9375, 8262, 3930, 6233, 511, 6365, 6093, 4083, 8876, 54, 8045, 857, 4148, 4774, 4102, 2818, 3483, 3097]]
[44, [8599, 7778, 4650, 8467, 566, 391, 2814, 9786, 7617, 8619, 8183, 8321, 2796, 7644, 5706, 7829, 1465, 9998, 1484, 3027, 8699, 7399, 9922, 2281, 7662, 2654, 7665, 2895, 5287, 2613, 1762, 6932, 8532, 5721, 5386, 8788, 9192, 7025, 8859, 2548, 2744, 3110]]
[45, [2979, 5385, 10, 4582, 8517, 1108, 9514, 6834, 4019, 3938, 9930, 6652, 5268, 4722, 4416, 7743, 9119, 2272, 5112, 4008, 6276, 4192, 7721, 7579, 1193, 1678, 1235, 5313, 1376, 6292, 8111, 4859, 6606, 5818, 3469, 9157, 6506, 5708, 3867, 5962]]
[46, [5042, 4298, 3264, 4334, 1093, 7536, 9186, 3286, 5475, 2948, 6195, 5824, 9594, 3041, 311, 9451, 592, 2295, 3710, 3614, 1641, 4699, 1260, 2724, 88, 1418, 9955, 9524, 2050, 5681, 7092, 9812, 9209, 8235, 70, 8564, 6402, 3160, 5921, 3244]]
[47, [9681, 3398, 6221, 5123, 3957, 7967, 1979, 623, 8372, 7741, 2305, 1077, 5555, 686, 9767, 730, 2914, 4215, 4666, 1483, 2739, 3802, 9238, 3528, 8559, 3084, 1825, 5119, 5345, 3687, 709, 3759, 68, 5965, 7202, 5514, 8034, 1951, 9709, 7585, 1310, 5921]]
[48, [6997, 7781, 2772, 2440, 768, 222, 1395, 7570, 6930, 2630, 6998, 6041, 7111, 5396, 7181, 187, 109, 6236, 7788, 9733, 1546, 6403, 5432, 2944, 8790, 2155, 3728, 6845, 9009, 2178, 7681, 1655, 6167, 3953]]
[49, [3956, 6330, 6538, 7117, 4103, 2887, 6869, 2645, 6908, 9515, 811, 3859, 2047, 5125, 5642, 2651, 8677, 7011, 6103, 1300, 9423, 5443, 4689, 6561, 3468, 9945, 9976, 1263, 6343, 1894, 7743, 441, 3564, 1638, 3586, 8393, 2960, 4908, 4741, 4446, 3477]]
[50, [5854, 8060, 3723, 1404, 5501, 3887, 8442, 6349, 3481, 4297, 1923, 1097, 1921, 5557, 1930, 7780, 4804, 1861, 7551, 5830, 2558, 9871, 6621, 5331, 4250, 8568, 1993, 5069, 636, 4799, 6487, 5111, 6391, 9740, 4590, 2433, 7177, 708, 1502, 1671]]
[51, [3778, 3411, 4716, 3950, 4524, 8967, 3224, 9776, 6597, 5231, 4367, 5387, 7559, 7700, 5811, 6392, 2556, 205, 5769, 5018, 1637, 8138, 1576, 6074, 439, 7788, 7406, 3511, 889, 1513, 8636, 7824, 6473, 867]]
[52, [2238, 8301, 2870, 3533, 8167, 3101, 82, 5655, 5566, 4465, 8869, 9145, 1212, 9041, 3816, 9346, 1430, 4849, 6849, 7848, 9025, 8819, 8654, 3170, 2396, 4801, 1573, 6569, 2178, 1715, 3022, 3062, 8569, 5161, 3248, 8219, 7055, 9330, 2060]]
[53, [979, 5593, 2693, 5451, 7402, 6578, 666, 6951, 9592, 9127, 4442, 2664, 1994, 768, 5206, 8285, 1455, 6079, 4837, 9931, 4424, 9174, 4037, 9843, 2228, 3683, 7272, 7613, 3756, 6770, 1596, 8871, 4829, 708, 3849, 2264]]
[54, [6267, 3134, 1856, 2159, 5548, 4942, 4841, 9869, 7256, 2090, 5911, 8407, 248, 9588, 1760, 5353, 6284, 951, 2793, 8796, 1714, 2461, 5738, 9028, 4056, 3214, 1447, 4275, 5538, 4179, 2018, 7770, 2937, 4534, 653, 6634, 2819, 9927, 1263, 8458]]
[55, [97, 7828, 6630, 5566, 1497, 8877, 4826, 1106, 4750, 1883, 2021, 233, 8298, 246, 5162, 5041, 5013, 7655, 6157, 2056, 567, 2511, 3424, 9927, 7677, 3303, 4843, 9759, 5171, 8566, 8790, 5696, 650, 2135, 4615, 7860, 2004, 2297, 4008, 7211, 9514, 6793, 8552, 7824, 5482, 1671]]
[56, [7868, 5138, 6637, 2585, 6170, 6560, 5879, 5226, 5496, 2051, 5660, 2265, 4255, 792, 6042, 7371, 5585, 1938, 261, 185, 1372, 6948, 1188, 3668, 2091, 7081, 7497, 4167, 4025, 4339, 8976, 571, 2934, 84, 8515, 4175, 6138, 2705, 3294, 7360]]
[57, [8024, 8869, 7618, 4937, 6804, 2668, 9283, 1602, 5478, 2728, 5230, 522, 8972, 1868, 7192, 7197, 419, 9654, 466, 3065, 8350, 8050, 311, 672, 3709, 7672, 4961, 5282, 1349, 1290, 9419, 6729, 9584, 9709]]
[58, [9060, 1247, 8295, 7692, 4720, 5160, 609, 8766, 7674, 1674, 7350, 1445, 4719, 3784, 5773, 1342, 8338, 3572, 2070, 6784, 2127, 8300, 5811, 4432, 6555, 3791, 8478, 9826, 4410, 5127, 6901, 3234, 709, 3992, 4487, 5501, 2548]]
[59, [3076, 1457, 1071, 5348, 8282, 1731, 6601, 3925, 6154, 9764, 3676, 1638, 8750, 57, 1319, 3406, 7764, 1477, 3643, 9138, 6438, 8965, 8419, 318, 1287, 5019, 9882, 9844, 1994, 8465, 2213, 2647, 2780, 4467, 138, 1502, 1671]]
[60, [8383, 2812, 5007, 5556, 8391, 7234, 5501, 9587, 864, 2464, 3830, 7478, 6242, 8620, 8949, 3738, 5338, 4373, 6355, 4370, 967, 1843, 9412, 1991, 4517, 3631, 6258, 5970, 7349, 9544, 505, 2387, 2731, 1259, 5459, 6185, 7250, 1263, 9260, 2818, 2899, 9709]]
[61, [3407, 5575, 7013, 5814, 2040, 4691, 1877, 6907, 552, 1241, 1785, 2811, 8994, 833, 8256, 923, 8735, 7754, 9301, 8430, 2510, 2557, 1650, 6030, 7677, 9919, 4787, 4480, 8834, 2965, 557, 2577, 1834, 5079, 9936, 6792, 9617, 5879, 1387]]
[62, [6468, 7384, 8064, 6452, 8845, 224, 6288, 3916, 9309, 3219, 7669, 2385, 6274, 5981, 3913, 5710, 2741, 7049, 7436, 6086, 6964, 435, 2642, 8869, 2112, 6424, 6395, 139, 9451, 8790, 4675, 2659, 1446, 6730, 9504, 7235, 3419, 5701, 2634, 1384, 3585, 4023, 6729]]
[63, [267, 5954, 1057, 3730, 800, 7285, 7766, 4787, 7421, 6237, 100, 3648, 7549, 6144, 5304, 4368, 9812, 3882, 4748, 2442, 4302, 1500, 4739, 5838, 409, 3762, 433, 3721, 9546, 7045, 5893, 9677, 2848, 3097, 1671]]
[64, [7213, 9992, 1990, 6415, 5115, 5580, 3189, 561, 760, 3475, 1726, 2100, 4133, 7830, 7632, 7762, 5006, 8961, 3078, 998, 3134, 3881, 4042, 6726, 111, 9344, 3618, 3640, 7497, 5037, 797, 1737, 7450, 3097, 8556]]
[65, [694, 3981, 1106, 1323, 7729, 5035, 9366, 7653, 6953, 2804, 7802, 9537, 2372, 7281, 5335, 9873, 5852, 6707, 5280, 1988, 8509, 1065, 1597, 109, 7532, 5946, 7447, 7033, 2811, 9236, 314, 1663, 7341, 3364, 5940, 7624, 1495, 8458, 9193]]
[66, [125, 9370, 1739, 6306, 571, 5632, 8872, 6236, 5656, 3253, 4928, 7635, 7371, 6569, 3003, 8530, 4515, 617, 7506, 8154, 9439, 5413, 5548, 4353, 9557, 2672, 54, 3963, 1917, 4799, 2848]]
[67, [3247, 274, 6027, 199, 544, 7556, 1221, 4666, 4939, 8299, 782, 6959, 2029, 4188, 3340, 7396, 2982, 9961, 6296, 232, 3290, 4505, 6078, 7564, 5320, 7919, 3221, 5542, 1646, 63, 8362, 4929, 624, 4061, 4142, 1572]]
[68, [4700, 5503, 6253, 9183, 2001, 1951, 3974, 3645, 1506, 9943, 1479, 1742, 5468, 1266, 272, 5747, 4433, 7315, 1720, 2477, 8551, 6280, 50, 3759, 6489, 6138, 863, 1390, 8008, 9366, 1451, 659, 7371, 2886, 27, 1766, 3756, 4497, 8361, 8458, 2848]]
[69, [4831, 3498, 3223, 2956, 3343, 4359, 4853, 7164, 9252, 7262, 9111, 6437, 2383, 6489, 9910, 6508, 1479, 4599, 2597, 7246, 8895, 1447, 7241, 6871, 5424, 3476, 5501, 5834, 3219, 1908, 4537, 2890, 6197, 867, 7984, 3244]]
[70, [4176, 2257, 8756, 3795, 3055, 8330, 6482, 2533, 9815, 3367, 6827, 603, 4289, 6550, 2579, 9343, 5674, 4041, 6459, 5939, 6592, 7527, 6491, 7646, 1487, 2713, 6783, 2074, 369, 8275, 3898, 9370, 7862, 564, 7098, 6584, 4454, 1737, 9709, 6729]]
[71, [6270, 3192, 9634, 5759, 9770, 5094, 1768, 2099, 3804, 1269, 3575, 2684, 6817, 7592, 5731, 3154, 4934, 9549, 6041, 6327, 1329, 4381, 5387, 2904, 1130, 4941, 2851, 3479, 4676, 5813, 5740, 8326, 166, 3282, 1386, 6141, 2846, 8988, 2548, 2899]]
[72, [9046, 428, 6971, 4484, 9372, 4309, 5789, 1551, 8999, 2818, 7872, 4187, 8738, 110, 8189, 5378, 8949, 1324, 9905, 6208, 5887, 1968, 9113, 3506, 8276, 8804, 5551, 4508, 8556, 7263, 5995, 8138, 2037, 6494, 1489, 6111, 7250, 6185, 9709, 1310]]
[73, [2216, 7759, 1403, 4802, 2745, 9256, 9849, 5206, 151, 3391, 2829, 71, 2393, 4884, 5699, 5917, 8852, 6544, 318, 2044, 6417, 4879, 8958, 3120, 6352, 3072, 3939, 177, 7155, 6606, 3097, 8458, 1951]]
[74, [2309, 6823, 8894, 1751, 5683, 3996, 196, 6577, 4820, 3584, 8244, 1343, 903, 9601, 270, 9964, 2263, 4952, 9399, 2232, 3708, 8475, 8896, 9838, 1868, 1439, 2760, 9927, 7959, 5592, 5445, 3296, 8217, 8981, 5910, 8903, 7984, 8304, 3410, 9330, 3102, 7912, 9709, 3975, 2264]]
[75, [1047, 4596, 1618, 1654, 6135, 772, 3968, 5660, 9353, 6175, 1553, 6858, 7709, 4727, 2489, 7010, 8366, 2538, 6203, 5390, 492, 8800, 5961, 5951, 2419, 5648, 4284, 1358, 9861, 8362, 1270, 8037, 7711, 1169, 2266, 9330, 2003, 3198, 1737, 1930]]
[76, [4994, 663, 1195, 2015, 2613, 9000, 314, 2675, 4596, 3231, 580, 2278, 8155, 3443, 7805, 4522, 7173, 3869, 7214, 6321, 6015, 4104, 931, 7948, 5563, 6309, 2075, 7876, 4817, 9957, 753, 2765, 5877, 1121, 2376]]
[77, [1834, 5083, 2192, 2342, 7455, 5246, 5591, 6573, 5911, 4435, 4121, 4574, 3457, 6430, 2623, 2656, 2137, 2625, 8847, 6163, 4557, 9996, 5201, 7060, 5615, 746, 2084, 92, 7927, 4218, 8233, 2046, 7594, 9517, 4768, 1290, 5926, 3975]]
[78, [4081, 5032, 5319, 1053, 1339, 4224, 6687, 7037, 2174, 2345, 2253, 750, 3286, 5174, 299, 5686, 5597, 7226, 1897, 1556, 1205, 6564, 3613, 2382, 7952, 1326, 2241, 4746, 6448, 6036, 2168, 2396, 7912, 2060, 468, 1737, 2264, 8556]]
[79, [7692, 2557, 417, 5872, 6118, 7720, 3807, 4660, 6348, 3243, 3810, 927, 9027, 4975, 7949, 5404, 9236, 5527, 7836, 6180, 9164, 8644, 8791, 3784, 8798, 9736, 8368, 4904, 3600, 9523, 6323, 6443, 7787, 6702, 4573, 1671, 7585, 9193, 5926]]
[80, [3938, 4831, 5216, 509, 341, 4530, 3642, 5859, 8286, 8760, 4997, 5526, 4645, 585, 9844, 7346, 2427, 3846, 8688, 2973, 935, 1433, 8053, 4291, 7326, 8480, 7854, 2806, 4187, 6775, 3832, 4190, 1544, 391, 225, 5309, 9684, 2596, 2299, 5869, 8465, 4462, 5921, 9138, 3756, 6049, 7624, 1290, 3097]]
[81, [3079, 1622, 3843, 4499, 4593, 6291, 2272, 4620, 7645, 3588, 4170, 2761, 7117, 2070, 2402, 9742, 3624, 8003, 8228, 7333, 1154, 769, 8455, 1764, 2736, 9659, 6590, 8577, 5104, 7005, 7440, 5349, 8153, 2100, 6732, 1836, 1721, 2653, 7523, 900, 8458, 9517, 5962, 4626, 9193]]
[82, [1841, 5061, 2167, 769, 9069, 5500, 4728, 6046, 2252, 8606, 6897, 4465, 7175, 4781, 427, 6378, 8961, 6833, 647, 6199, 2910, 1381, 5696, 9984, 4926, 4713, 10, 9250, 7315, 978, 6289, 3536, 7791, 1230, 7908, 9930, 7272, 7809, 7518, 9225, 6535, 727, 6826, 6304, 1888, 5926]]
[83, [8550, 5157, 4625, 6322, 3006, 2392, 1362, 1839, 8175, 5306, 3131, 6981, 8116, 1333, 1053, 3753, 769, 9246, 2396, 3216, 9608, 1561, 7492, 7968, 7360, 6791, 9084, 6999, 2147, 7718, 6108, 3532, 8095, 7145, 2402, 1089]]
[84, [1147, 6682, 9660, 8432, 6669, 525, 6735, 8718, 5870, 9125, 8542, 1697, 2148, 6646, 8034, 5248, 6796, 2829, 7856, 9938, 589, 7964, 7106, 3380, 9363, 8816, 7566, 8740, 2604, 9174, 4997, 3264, 3585, 8556, 9136, 7055, 4371]]
[85, [2340, 8263, 9687, 7742, 5012, 752, 5861, 8102, 5269, 8882, 6948, 846, 6431, 7744, 4579, 9021, 3514, 482, 608, 5753, 7616, 607, 663, 6763, 769, 6866, 8147, 2471, 6582, 9702, 330, 9123, 9864, 6516, 2277, 2129, 3725, 6882, 3348]]
[86, [8672, 4061, 3776, 4181, 7937, 3706, 1047, 4641, 7688, 5609, 2693, 8160, 5133, 6326, 2351, 8126, 4188, 5447, 3240, 191, 5935, 1510, 6068, 6956, 3196, 7575, 1482, 9588, 7627, 6094, 6401, 6711, 2927, 5970, 436, 4186, 922, 2755, 7655, 3389, 6459, 3097]]
[87, [2152, 9441, 3095, 109, 5651, 6933, 2793, 3533, 2612, 7955, 8643, 9757, 7100, 8069, 4170, 4582, 1661, 9389, 9055, 6765, 626, 1189, 844, 9567, 4024, 2836, 8803, 9918, 4630, 2508, 2050, 4613, 1969, 3382, 6341, 2740, 5172, 1998, 879, 995, 7824]]
[88, [3482, 2513, 2533, 7977, 3348, 1051, 5923, 2575, 2675, 7349, 9910, 4632, 5106, 8365, 9753, 5392, 775, 9978, 2953, 1284, 2417, 5721, 7044, 5328, 232, 3782, 5502, 3067, 8290, 9675, 3187, 8573, 4936, 1477, 8443, 8703, 3393, 6604, 3975, 3756, 1502, 7055]]
[89, [9488, 2924, 470, 5103, 8009, 6244, 4742, 1012, 4209, 9222, 9416, 9804, 6658, 1529, 6069, 9551, 9071, 1501, 25, 2852, 5363, 8281, 8323, 6773, 7212, 557, 163, 9075, 9676, 3944, 3115, 5085, 4978, 4895, 3244, 1270, 2045, 6304, 7624, 5962]]
[90, [7530, 7458, 3048, 8996, 44, 4696, 4941, 4416, 5488, 901, 2722, 8085, 5408, 6252, 1042, 4461, 7051, 8754, 7432, 7237, 3276, 5070, 3655, 4395, 981, 1165, 5216, 9239, 3237, 7742, 3319, 1671]]
[91, [8490, 6507, 3417, 5343, 4860, 9140, 7297, 7711, 2162, 1715, 6668, 5229, 4077, 1676, 5519, 8376, 578, 9678, 1664, 5989, 1258, 6001, 1457, 2817, 1145, 2182, 4659, 5451, 9467, 8775, 4216, 2649, 1818, 2291, 2591, 5926]]
[92, [1634, 3673, 2832, 6052, 5301, 9521, 792, 2999, 5846, 8313, 9027, 2466, 8589, 5142, 9658, 3383, 6907, 7604, 4667, 3886, 9836, 7065, 6822, 2585, 9016, 5987, 4019, 9775, 6194, 5921, 2264, 8556, 1671]]
[93, [2213, 6119, 8325, 285, 9493, 5379, 5907, 6387, 5551, 2369, 9323, 5106, 3868, 7964, 548, 5711, 4796, 6738, 3500, 4691, 2804, 3054, 5584, 2883, 8609, 4618, 325, 1799, 1836, 9771, 3060, 3756, 9146, 4895, 1671, 8220, 3975, 6887, 1290]]
[94, [4826, 3816, 2701, 1349, 847, 5640, 741, 739, 6929, 122, 6945, 1634, 2043, 2441, 5885, 9070, 9442, 5954, 4481, 2803, 8090, 7353, 8696, 5209, 5196, 2437, 4238, 9355, 168, 1381, 9327, 2548, 4803, 5595, 9517, 3700, 3244]]
[95, [1316, 3436, 595, 4101, 4433, 9118, 9701, 3190, 5868, 1914, 9098, 3457, 1760, 5209, 8696, 7848, 5607, 3355, 4455, 7999, 8905, 6774, 2697, 2534, 3663, 7988, 5329, 5702, 5941, 6245, 1667, 3219, 9353, 7788, 8191, 5062, 7932, 4714, 1737]]
[96, [9595, 9871, 6796, 1110, 7869, 8713, 9308, 880, 7360, 7629, 4978, 1248, 1781, 8305, 1432, 4987, 5180, 7874, 1724, 4984, 2402, 7243, 8242, 522, 6381, 3512, 7094, 2336, 7834, 6005, 3444, 5161, 7989, 9741, 1339, 3470, 6346, 3097, 9831, 6049, 2848]]
[97, [9446, 6669, 4689, 6126, 1569, 4676, 5126, 6903, 3758, 7860, 752, 288, 8743, 5274, 5617, 7819, 5890, 4257, 7334, 537, 917, 8568, 2236, 4308, 5001, 6616, 7261, 4166, 9335, 2593, 8711, 8884, 3839, 3677, 7010, 2478, 6729, 2848]]
[98, [2623, 3528, 8480, 202, 402, 2886, 6672, 8656, 890, 8073, 6948, 3838, 4334, 8562, 9294, 6777, 5627, 4553, 9500, 9466, 1193, 8413, 8040, 8206, 7268, 1225, 8268, 6855, 3470, 2325, 7035, 8510, 1804, 243, 6072, 4925, 7859, 5200, 7624, 1756, 8220, 6402, 1671]]
[99, [1297, 5806, 4913, 2470, 5427, 4243, 1015, 8607, 6703, 8292, 9478, 9581, 2813, 3458, 179, 7507, 8960, 3237, 9971, 3008, 1159, 6000, 3859, 9361, 1949, 8194, 2940, 8211, 375, 6007, 1234, 3982, 4924, 2589, 6402, 708]]
